phylum,class,order,family,genus,range_min,range_max,extinct,t_occurrences,e_occurrences,species,geoplates,tiering,motility,feeding,protein,reproduction,mineralogy,physiology
Annelida,Polychaeta,Sabellida,Serpulidae,Serpula,170.3,259.9,0,30,0,0,0,epifaunal,"stationary, attached",suspension,hemocyanin,broadcaster,high Mg calcite,moderate carbonate load
Annelida,Polychaeta,Sabellida,Serpulidae,Spirorbis,242,259.9,0,4,0,0,0,epifaunal,"stationary, attached",suspension,hemocyanin,broadcaster,high Mg calcite,moderate carbonate load
Arthropoda,Malacostraca,Decapoda,Erymidae,Eryma,182,254.17,0,11,1,1,1,semi-infaunal,"fast, motile",predator,hemocyanin,non-broadcaster,chitin,little or no carbonate load
Arthropoda,Malacostraca,Isopoda,Amphisopidae,Protamphisopus,242,259.9,0,2,0,0,0,epifaunal,"fast, motile",surface deposit,hemocyanin,non-broadcaster,chitin,little or no carbonate load
Arthropoda,Ostracoda,Halocyprida,Thaumatocyprididae,Thaumatomma,242,259.9,0,13,1,1,1,pelagic,"slow, motile",suspension,hemocyanin,non-broadcaster,low Mg calcite,moderate carbonate load
Arthropoda,Ostracoda,Metacopida,NO_FAMILY_SPECIFIED,Birdsallella,252.17,254.17,1,4,4,1,1,epifaunal,"slow, motile",surface deposit,hemocyanin,non-broadcaster,low Mg calcite,moderate carbonate load
Arthropoda,Ostracoda,Myodocopida,Cylindroleberididae,Triadocypris,247.2,259.9,0,2,0,0,0,pelagic,"slow, motile",predator,hemocyanin,non-broadcaster,low Mg calcite,moderate carbonate load
Arthropoda,Ostracoda,Myodocopida,Cypridinidae,Cypridina,201.3,265.1,0,4,0,0,0,pelagic,"slow, motile",predator,hemocyanin,non-broadcaster,low Mg calcite,moderate carbonate load
Arthropoda,Ostracoda,Myodocopida,Polycopidae,Discoidella,242,259.9,0,16,9,2,1,shallow infaunal,"slow, motile",surface deposit,hemocyanin,non-broadcaster,low Mg calcite,moderate carbonate load
Arthropoda,Ostracoda,Myodocopida,Polycopidae,Polycope,174.1,259.9,0,164,7,3,1,shallow infaunal,"slow, motile",surface deposit,hemocyanin,non-broadcaster,low Mg calcite,moderate carbonate load
Arthropoda,Ostracoda,NO_ORDER_SPECIFIED,NO_FAMILY_SPECIFIED,Cetollina,252.17,254.17,1,1,1,1,1,epifaunal,"slow, motile",surface deposit,hemocyanin,non-broadcaster,low Mg calcite,moderate carbonate load
Arthropoda,Ostracoda,NO_ORDER_SPECIFIED,NO_FAMILY_SPECIFIED,Eumiraculum,251.3,254.17,0,5,4,2,2,epifaunal,"slow, motile",surface deposit,hemocyanin,non-broadcaster,low Mg calcite,moderate carbonate load
Arthropoda,Ostracoda,Palaeocopida,Amphissitidae,Amphissites,252.17,265.1,1,11,7,2,2,epifaunal,"slow, motile",suspension,hemocyanin,non-broadcaster,low Mg calcite,moderate carbonate load
Arthropoda,Ostracoda,Palaeocopida,Amphissitidae,Kegelites,252.17,254.17,1,5,5,1,1,epifaunal,"slow, motile",suspension,hemocyanin,non-broadcaster,low Mg calcite,moderate carbonate load
Arthropoda,Ostracoda,Palaeocopida,Amphissitidae,Neoamphissites,252.17,259.9,1,7,5,1,1,epifaunal,"slow, motile",suspension,hemocyanin,non-broadcaster,low Mg calcite,moderate carbonate load
Arthropoda,Ostracoda,Palaeocopida,Amphissitidae,Parahollinella,252.17,259.9,1,21,9,3,3,epifaunal,"slow, motile",suspension,hemocyanin,non-broadcaster,low Mg calcite,moderate carbonate load
Arthropoda,Ostracoda,Palaeocopida,Amphissitidae,Permokegelites,252.17,259.9,1,4,3,1,1,epifaunal,"slow, motile",suspension,hemocyanin,non-broadcaster,low Mg calcite,moderate carbonate load
Arthropoda,Ostracoda,Palaeocopida,Aparchitidae,Cyathus,252.17,265.1,1,98,82,3,2,epifaunal,"slow, motile",suspension,hemocyanin,non-broadcaster,low Mg calcite,moderate carbonate load
Arthropoda,Ostracoda,Palaeocopida,Aparchitidae,Libumella,252.17,254.17,1,2,2,1,1,epifaunal,"slow, motile",suspension,hemocyanin,non-broadcaster,low Mg calcite,moderate carbonate load
Arthropoda,Ostracoda,Palaeocopida,Beyrichiidae,Neoulrichia,252.17,254.17,1,3,3,2,2,epifaunal,"slow, motile",suspension,hemocyanin,non-broadcaster,low Mg calcite,moderate carbonate load
Arthropoda,Ostracoda,Palaeocopida,Kellettinidae,Kellettina,252.17,259.9,1,2,1,1,1,epifaunal,"slow, motile",suspension,hemocyanin,non-broadcaster,low Mg calcite,moderate carbonate load
Arthropoda,Ostracoda,Palaeocopida,Kellettinidae,Semipetasus,252.17,254.17,1,3,3,1,1,epifaunal,"slow, motile",suspension,hemocyanin,non-broadcaster,low Mg calcite,moderate carbonate load
Arthropoda,Ostracoda,Palaeocopida,Kirkbyidae,Aurikirkbya,252.17,265.1,1,16,10,2,1,epifaunal,"slow, motile",suspension,hemocyanin,non-broadcaster,low Mg calcite,moderate carbonate load
Arthropoda,Ostracoda,Palaeocopida,Kirkbyidae,Carinaknightina,251.3,259.9,0,19,3,2,1,epifaunal,"slow, motile",suspension,hemocyanin,non-broadcaster,low Mg calcite,moderate carbonate load
Arthropoda,Ostracoda,Palaeocopida,Kirkbyidae,Kirkbya,252.17,265.1,1,22,2,1,1,epifaunal,"slow, motile",suspension,hemocyanin,non-broadcaster,low Mg calcite,moderate carbonate load
Arthropoda,Ostracoda,Palaeocopida,Kirkbyidae,Knightina,252.17,259.9,1,24,21,3,2,epifaunal,"slow, motile",suspension,hemocyanin,non-broadcaster,low Mg calcite,moderate carbonate load
Arthropoda,Ostracoda,Palaeocopida,Kirkbyidae,Reviya,251.2,265.1,0,34,7,1,1,epifaunal,"slow, motile",suspension,hemocyanin,non-broadcaster,low Mg calcite,moderate carbonate load
Arthropoda,Ostracoda,Palaeocopida,Kirkbyidae,Scutikirkbya,252.17,254.17,1,4,4,1,2,epifaunal,"slow, motile",suspension,hemocyanin,non-broadcaster,low Mg calcite,moderate carbonate load
Arthropoda,Ostracoda,Palaeocopida,Kirkbyidae,Shleesha,252.17,254.17,1,7,7,2,1,epifaunal,"slow, motile",suspension,hemocyanin,non-broadcaster,low Mg calcite,moderate carbonate load
Arthropoda,Ostracoda,Palaeocopida,Kirkbyidae,Tubulikirkbya,252.17,254.17,1,5,5,1,1,epifaunal,"slow, motile",suspension,hemocyanin,non-broadcaster,low Mg calcite,moderate carbonate load
Arthropoda,Ostracoda,Palaeocopida,NO_FAMILY_SPECIFIED,Iranokirkbya,252.17,254.17,1,1,1,1,1,epifaunal,"slow, motile",suspension,hemocyanin,non-broadcaster,low Mg calcite,moderate carbonate load
Arthropoda,Ostracoda,Palaeocopida,NO_FAMILY_SPECIFIED,Rectonaria,252.17,254.17,1,1,1,1,1,epifaunal,"slow, motile",suspension,hemocyanin,non-broadcaster,low Mg calcite,moderate carbonate load
Arthropoda,Ostracoda,Palaeocopida,Scrobiculidae,Roundyella,252.17,265.1,1,31,13,3,2,epifaunal,"slow, motile",suspension,hemocyanin,non-broadcaster,low Mg calcite,moderate carbonate load
Arthropoda,Ostracoda,Platycopida,Cavellinidae,Birdsallela,252.17,254.17,1,1,1,1,1,semi-infaunal,"slow, motile",suspension,hemocyanin,non-broadcaster,low Mg calcite,moderate carbonate load
Arthropoda,Ostracoda,Platycopida,Cavellinidae,Cavellina,251.3,265.1,0,83,39,9,6,semi-infaunal,"slow, motile",suspension,hemocyanin,non-broadcaster,low Mg calcite,moderate carbonate load
Arthropoda,Ostracoda,Platycopida,Cavellinidae,Sulcella,252.17,265.1,1,9,2,1,2,semi-infaunal,"slow, motile",suspension,hemocyanin,non-broadcaster,low Mg calcite,moderate carbonate load
Arthropoda,Ostracoda,Platycopida,Coelonellidae,Coelonella,252.17,254.17,1,2,2,1,1,epifaunal,"slow, motile",suspension,hemocyanin,non-broadcaster,low Mg calcite,moderate carbonate load
Arthropoda,Ostracoda,Platycopida,Hollinellidae,Hollinella,251.3,265.1,0,77,27,8,5,epifaunal,"slow, motile",suspension,hemocyanin,non-broadcaster,low Mg calcite,moderate carbonate load
Arthropoda,Ostracoda,Platycopida,Indivisiidae,Indivisia,252.17,259.9,1,9,8,2,2,epifaunal,"slow, motile",suspension,hemocyanin,non-broadcaster,low Mg calcite,moderate carbonate load
Arthropoda,Ostracoda,Platycopida,Kloedenellidae,Oliganisus,252.17,254.17,1,4,4,1,1,epifaunal,"slow, motile",suspension,hemocyanin,non-broadcaster,low Mg calcite,moderate carbonate load
Arthropoda,Ostracoda,Platycopida,Knoxitidae,Glyptopleurina,252.17,254.17,1,3,3,1,1,epifaunal,"slow, motile",suspension,hemocyanin,non-broadcaster,low Mg calcite,moderate carbonate load
Arthropoda,Ostracoda,Platycopida,Knoxitidae,Knoxiella,251.3,265.1,0,36,29,6,4,epifaunal,"slow, motile",suspension,hemocyanin,non-broadcaster,low Mg calcite,moderate carbonate load
Arthropoda,Ostracoda,Platycopida,Knoxitidae,Sargentina,252.17,259.9,1,16,14,2,4,epifaunal,"slow, motile",suspension,hemocyanin,non-broadcaster,low Mg calcite,moderate carbonate load
Arthropoda,Ostracoda,Platycopida,Miltonellidae,Miltonella,252.17,259.9,1,1,1,1,1,epifaunal,"slow, motile",suspension,hemocyanin,non-broadcaster,low Mg calcite,moderate carbonate load
Arthropoda,Ostracoda,Platycopida,Paraparchitidae,Chamishaella,252.17,265.1,1,4,1,1,1,epifaunal,"slow, motile",suspension,hemocyanin,non-broadcaster,low Mg calcite,moderate carbonate load
Arthropoda,Ostracoda,Platycopida,Paraparchitidae,Langdaia,251.2,265.1,0,25,2,1,1,epifaunal,"slow, motile",suspension,hemocyanin,non-broadcaster,low Mg calcite,moderate carbonate load
Arthropoda,Ostracoda,Platycopida,Paraparchitidae,Paraparchites,252.17,265.1,1,44,41,6,3,epifaunal,"slow, motile",suspension,hemocyanin,non-broadcaster,low Mg calcite,moderate carbonate load
Arthropoda,Ostracoda,Platycopida,Paraparchitidae,Samarella,251.3,265.1,0,117,102,2,3,epifaunal,"slow, motile",suspension,hemocyanin,non-broadcaster,low Mg calcite,moderate carbonate load
Arthropoda,Ostracoda,Platycopida,Youngiellidae,Moorites,252.17,254.17,1,1,1,1,2,epifaunal,"slow, motile",suspension,hemocyanin,non-broadcaster,low Mg calcite,moderate carbonate load
Arthropoda,Ostracoda,Platycopida,Youngiellidae,Permoyoungiella,252.17,259.9,1,5,2,1,2,epifaunal,"slow, motile",suspension,hemocyanin,non-broadcaster,low Mg calcite,moderate carbonate load
Arthropoda,Ostracoda,Podocopida,Acratiidae,Acratia,232,265.1,0,153,87,10,4,epifaunal,"slow, motile",surface deposit,hemocyanin,non-broadcaster,low Mg calcite,moderate carbonate load
Arthropoda,Ostracoda,Podocopida,Acratiidae,Acratinella,252.17,259.9,1,5,1,1,1,epifaunal,"slow, motile",surface deposit,hemocyanin,non-broadcaster,low Mg calcite,moderate carbonate load
Arthropoda,Ostracoda,Podocopida,Acratiidae,Cooperuna,252.17,259.9,1,3,1,1,1,epifaunal,"slow, motile",surface deposit,hemocyanin,non-broadcaster,low Mg calcite,moderate carbonate load
Arthropoda,Ostracoda,Podocopida,Bairdiidae,Abrobairdia,252.17,254.17,1,7,7,2,1,epifaunal,"slow, motile",surface deposit,hemocyanin,non-broadcaster,low Mg calcite,moderate carbonate load
Arthropoda,Ostracoda,Podocopida,Bairdiidae,Acratina,242,259.9,0,6,1,1,1,epifaunal,"slow, motile",surface deposit,hemocyanin,non-broadcaster,low Mg calcite,moderate carbonate load
Arthropoda,Ostracoda,Podocopida,Bairdiidae,Arcibairdia,252.17,265.1,1,2,1,1,1,epifaunal,"slow, motile",surface deposit,hemocyanin,non-broadcaster,low Mg calcite,moderate carbonate load
Arthropoda,Ostracoda,Podocopida,Bairdiidae,Bairdia,174.1,265.1,0,1000,572,55,6,epifaunal,"slow, motile",surface deposit,hemocyanin,non-broadcaster,low Mg calcite,moderate carbonate load
Arthropoda,Ostracoda,Podocopida,Bairdiidae,Bairdiacypris,174.1,265.1,0,277,171,12,4,epifaunal,"slow, motile",surface deposit,hemocyanin,non-broadcaster,low Mg calcite,moderate carbonate load
Arthropoda,Ostracoda,Podocopida,Bairdiidae,Bairdiolites,201.3,254.17,0,13,12,1,1,epifaunal,"slow, motile",surface deposit,hemocyanin,non-broadcaster,low Mg calcite,moderate carbonate load
Arthropoda,Ostracoda,Podocopida,Bairdiidae,Ceratobairdia,196.5,265.1,0,19,13,3,1,epifaunal,"slow, motile",surface deposit,hemocyanin,non-broadcaster,low Mg calcite,moderate carbonate load
Arthropoda,Ostracoda,Podocopida,Bairdiidae,Fabalicypris,189.6,265.1,0,148,108,10,4,epifaunal,"slow, motile",surface deposit,hemocyanin,non-broadcaster,low Mg calcite,moderate carbonate load
Arthropoda,Ostracoda,Podocopida,Bairdiidae,Kempfina,242,254.17,0,10,9,3,2,epifaunal,"slow, motile",surface deposit,hemocyanin,non-broadcaster,low Mg calcite,moderate carbonate load
Arthropoda,Ostracoda,Podocopida,Bairdiidae,Lobobairdia,182.7,254.17,0,67,58,2,1,epifaunal,"slow, motile",surface deposit,hemocyanin,non-broadcaster,low Mg calcite,moderate carbonate load
Arthropoda,Ostracoda,Podocopida,Bairdiidae,Mirabairdia,221.5,254.17,0,27,23,3,1,epifaunal,"slow, motile",surface deposit,hemocyanin,non-broadcaster,low Mg calcite,moderate carbonate load
Arthropoda,Ostracoda,Podocopida,Bairdiidae,Orthobairdia,251.3,265.1,0,53,48,5,1,epifaunal,"slow, motile",surface deposit,hemocyanin,non-broadcaster,low Mg calcite,moderate carbonate load
Arthropoda,Ostracoda,Podocopida,Bairdiidae,Paraglyptobairdia,232,259.9,0,3,0,0,0,epifaunal,"slow, motile",surface deposit,hemocyanin,non-broadcaster,low Mg calcite,moderate carbonate load
Arthropoda,Ostracoda,Podocopida,Bairdiidae,Paramacrocypris,252.17,259.9,1,4,3,1,2,epifaunal,"slow, motile",surface deposit,hemocyanin,non-broadcaster,low Mg calcite,moderate carbonate load
Arthropoda,Ostracoda,Podocopida,Bairdiidae,Petasobairdia,232,265.1,0,97,77,4,3,epifaunal,"slow, motile",surface deposit,hemocyanin,non-broadcaster,low Mg calcite,moderate carbonate load
Arthropoda,Ostracoda,Podocopida,Bairdiidae,Praelobobairdia,252.17,259.9,1,6,3,1,1,epifaunal,"slow, motile",surface deposit,hemocyanin,non-broadcaster,low Mg calcite,moderate carbonate load
Arthropoda,Ostracoda,Podocopida,Bairdiidae,Praezabythocypris,251.3,259.9,0,16,1,1,1,epifaunal,"slow, motile",surface deposit,hemocyanin,non-broadcaster,low Mg calcite,moderate carbonate load
Arthropoda,Ostracoda,Podocopida,Bairdiidae,Pustulobairdia,196.5,254.17,0,10,7,2,1,epifaunal,"slow, motile",surface deposit,hemocyanin,non-broadcaster,low Mg calcite,moderate carbonate load
Arthropoda,Ostracoda,Podocopida,Bairdiocyprididae,Baschkirina,252.17,259.9,1,55,53,2,1,epifaunal,"slow, motile",surface deposit,hemocyanin,non-broadcaster,low Mg calcite,moderate carbonate load
Arthropoda,Ostracoda,Podocopida,Bairdiocyprididae,Praepilatina,252.17,259.9,1,8,5,1,1,epifaunal,"slow, motile",surface deposit,hemocyanin,non-broadcaster,low Mg calcite,moderate carbonate load
Arthropoda,Ostracoda,Podocopida,Bairdiocyprididae,Pseudobythocypris,252.17,259.9,1,34,33,3,3,epifaunal,"slow, motile",surface deposit,hemocyanin,non-broadcaster,low Mg calcite,moderate carbonate load
Arthropoda,Ostracoda,Podocopida,Bairdiocyprididae,Silenis,252.17,259.9,1,11,10,1,1,epifaunal,"slow, motile",surface deposit,hemocyanin,non-broadcaster,low Mg calcite,moderate carbonate load
Arthropoda,Ostracoda,Podocopida,Bairdiocyprididae,Silenites,252.17,254.17,1,26,26,3,1,epifaunal,"slow, motile",surface deposit,hemocyanin,non-broadcaster,low Mg calcite,moderate carbonate load
Arthropoda,Ostracoda,Podocopida,Beecherellidae,Acanthoscapha,232,259.9,0,15,0,0,0,epifaunal,"slow, motile",surface deposit,hemocyanin,non-broadcaster,low Mg calcite,moderate carbonate load
Arthropoda,Ostracoda,Podocopida,Bythocyprididae,Bythocypris,175.6,254.17,0,12,5,1,1,epifaunal,"slow, motile",surface deposit,hemocyanin,non-broadcaster,low Mg calcite,moderate carbonate load
Arthropoda,Ostracoda,Podocopida,Bythocytheridae,Callicythere,242,265.1,0,58,1,1,1,epifaunal,"slow, motile",surface deposit,hemocyanin,non-broadcaster,low Mg calcite,moderate carbonate load
Arthropoda,Ostracoda,Podocopida,Bythocytheridae,Monoceratina,174.1,259.9,0,77,0,0,0,epifaunal,"slow, motile",surface deposit,hemocyanin,non-broadcaster,low Mg calcite,moderate carbonate load
Arthropoda,Ostracoda,Podocopida,Bythocytheridae,Parabythocythere,252.17,259.9,1,6,2,1,1,epifaunal,"slow, motile",surface deposit,hemocyanin,non-broadcaster,low Mg calcite,moderate carbonate load
Arthropoda,Ostracoda,Podocopida,Bythocytheridae,Triassocythere,232,254.17,0,13,1,1,1,epifaunal,"slow, motile",surface deposit,hemocyanin,non-broadcaster,low Mg calcite,moderate carbonate load
Arthropoda,Ostracoda,Podocopida,Candonidae,Paracypris,182,254.17,0,61,2,1,2,epifaunal,"slow, motile",surface deposit,hemocyanin,non-broadcaster,low Mg calcite,moderate carbonate load
Arthropoda,Ostracoda,Podocopida,Cytherideidae,Basslerella,242,265.1,0,171,142,8,5,epifaunal,"slow, motile",surface deposit,hemocyanin,non-broadcaster,low Mg calcite,moderate carbonate load
Arthropoda,Ostracoda,Podocopida,Cytherideidae,Pseudorayella,252.17,259.9,1,2,1,1,1,epifaunal,"slow, motile",surface deposit,hemocyanin,non-broadcaster,low Mg calcite,moderate carbonate load
Arthropoda,Ostracoda,Podocopida,Cytherissinellidae,Arqoviella,252.17,265.1,1,18,12,5,2,epifaunal,"slow, motile",surface deposit,hemocyanin,non-broadcaster,low Mg calcite,moderate carbonate load
Arthropoda,Ostracoda,Podocopida,Cytheruridae,Judahella,201.3,259.9,0,17,1,1,1,epifaunal,"slow, motile",surface deposit,hemocyanin,non-broadcaster,low Mg calcite,moderate carbonate load
Arthropoda,Ostracoda,Podocopida,Geroiidae,Pseudacanthoscapha,252.17,259.9,1,16,14,1,2,epifaunal,"slow, motile",surface deposit,hemocyanin,non-broadcaster,low Mg calcite,moderate carbonate load
Arthropoda,Ostracoda,Podocopida,Healdiidae,Healdia,242,259.9,0,30,4,2,1,epifaunal,"slow, motile",surface deposit,hemocyanin,non-broadcaster,low Mg calcite,moderate carbonate load
Arthropoda,Ostracoda,Podocopida,Healdiidae,Healdianella,252.17,259.9,1,15,13,3,2,epifaunal,"slow, motile",surface deposit,hemocyanin,non-broadcaster,low Mg calcite,moderate carbonate load
Arthropoda,Ostracoda,Podocopida,Healdiidae,Healdiopsis,252.17,254.17,1,3,3,1,1,epifaunal,"slow, motile",surface deposit,hemocyanin,non-broadcaster,low Mg calcite,moderate carbonate load
Arthropoda,Ostracoda,Podocopida,Healdiidae,Reversocypris,252.17,254.17,1,17,17,1,1,epifaunal,"slow, motile",surface deposit,hemocyanin,non-broadcaster,low Mg calcite,moderate carbonate load
Arthropoda,Ostracoda,Podocopida,Macrocyprididae,Macrocypris,252.17,265.1,1,12,10,2,2,epifaunal,"slow, motile",surface deposit,hemocyanin,non-broadcaster,low Mg calcite,moderate carbonate load
Arthropoda,Ostracoda,Podocopida,NO_FAMILY_SPECIFIED,Arcuaria,252.17,254.17,1,1,1,1,1,epifaunal,"slow, motile",surface deposit,hemocyanin,non-broadcaster,low Mg calcite,moderate carbonate load
Arthropoda,Ostracoda,Podocopida,NO_FAMILY_SPECIFIED,Liuzhinia,242,265.1,0,87,5,2,2,epifaunal,"slow, motile",surface deposit,hemocyanin,non-broadcaster,low Mg calcite,moderate carbonate load
Arthropoda,Ostracoda,Podocopida,Quasillitidae,Absina,252.17,254.17,1,1,1,1,1,epifaunal,"slow, motile",surface deposit,hemocyanin,non-broadcaster,low Mg calcite,moderate carbonate load
Arthropoda,Ostracoda,Podocopida,Sigilliidae,Microcheilinella,242,265.1,0,262,199,12,3,epifaunal,"slow, motile",surface deposit,hemocyanin,non-broadcaster,low Mg calcite,moderate carbonate load
Arthropoda,Ostracoda,Podocopida,Sigilliidae,Spinomicrocheilinella,232,259.9,0,27,22,2,1,epifaunal,"slow, motile",surface deposit,hemocyanin,non-broadcaster,low Mg calcite,moderate carbonate load
Arthropoda,Trilobita,Proetida,Proetidae,Acropyge,252.17,265.1,1,4,2,2,1,epifaunal,"fast, motile",surface deposit,hemocyanin,non-broadcaster,chitin,moderate carbonate load
Arthropoda,Trilobita,Proetida,Proetidae,Pseudophillipsia,252.17,272.3,1,47,24,6,2,epifaunal,"fast, motile",surface deposit,hemocyanin,non-broadcaster,chitin,moderate carbonate load
Arthropoda,Xiphosura,Xiphosurida,Austrolimulidae,Tasmaniolimulus,252.17,259.9,1,1,1,1,1,epifaunal,"fast, motile",predator,hemocyanin,non-broadcaster,chitin,moderate carbonate load
Brachiopoda,Craniata,Craniida,Craniidae,Crania,201.3,259.9,0,5,0,0,0,epifaunal,"stationary, attached",suspension,hemerythrin,broadcaster,low Mg calcite,heavy carbonate load
Brachiopoda,Lingulata,Lingulida,Disciniidae,Discina,170.3,259.9,0,12,1,1,1,epifaunal,"stationary, attached",suspension,hemerythrin,broadcaster,phosphatic,little or no carbonate load
Brachiopoda,Lingulata,Lingulida,Disciniidae,Orbiculoidea,228,265.1,0,80,30,10,5,epifaunal,"stationary, attached",suspension,hemerythrin,broadcaster,phosphatic,little or no carbonate load
Brachiopoda,Lingulata,Lingulida,Lingulidae,Lingularia,174.1,259.9,0,293,17,6,4,shallow infaunal,"facultative, unattached",suspension,hemerythrin,broadcaster,phosphatic,little or no carbonate load
Brachiopoda,Lingulata,Lingulida,Lingulidae,Lunoglossa,252.17,254.17,1,2,2,2,1,shallow infaunal,"facultative, unattached",suspension,hemerythrin,broadcaster,phosphatic,little or no carbonate load
Brachiopoda,Rhynchonellata,Athyridida,Athyrididae,Araxathyris,251.3,268.8,0,193,103,16,3,epifaunal,"stationary, attached",suspension,hemerythrin,broadcaster,low Mg calcite,heavy carbonate load
Brachiopoda,Rhynchonellata,Athyridida,Athyrididae,Cleiothyridellina,252.17,254.17,1,26,26,1,1,epifaunal,"stationary, attached",suspension,hemerythrin,broadcaster,low Mg calcite,heavy carbonate load
Brachiopoda,Rhynchonellata,Athyridida,Athyrididae,Cleiothyridina,252.17,268.8,1,646,132,17,2,epifaunal,"stationary, attached",suspension,hemerythrin,broadcaster,low Mg calcite,heavy carbonate load
Brachiopoda,Rhynchonellata,Athyridida,Athyrididae,Comelicania,252.17,254.17,1,19,19,3,1,epifaunal,"stationary, attached",suspension,hemerythrin,broadcaster,low Mg calcite,heavy carbonate load
Brachiopoda,Rhynchonellata,Athyridida,Athyrididae,Comelicothyris,252.17,254.17,1,8,8,2,1,epifaunal,"stationary, attached",suspension,hemerythrin,broadcaster,low Mg calcite,heavy carbonate load
Brachiopoda,Rhynchonellata,Athyridida,Athyrididae,Composita,252.17,265.1,1,178,3,2,3,epifaunal,"stationary, attached",suspension,hemerythrin,broadcaster,low Mg calcite,heavy carbonate load
Brachiopoda,Rhynchonellata,Athyridida,Athyrididae,Gruntallina,252.17,254.17,1,5,5,1,1,epifaunal,"stationary, attached",suspension,hemerythrin,broadcaster,low Mg calcite,heavy carbonate load
Brachiopoda,Rhynchonellata,Athyridida,Athyrididae,Gruntea,252.17,259.9,1,10,5,1,1,epifaunal,"stationary, attached",suspension,hemerythrin,broadcaster,low Mg calcite,heavy carbonate load
Brachiopoda,Rhynchonellata,Athyridida,Athyrididae,Himathyris,252.17,259.9,1,5,1,1,1,epifaunal,"stationary, attached",suspension,hemerythrin,broadcaster,low Mg calcite,heavy carbonate load
Brachiopoda,Rhynchonellata,Athyridida,Athyrididae,Janiceps,252.17,259.9,1,24,20,7,2,epifaunal,"stationary, attached",suspension,hemerythrin,broadcaster,low Mg calcite,heavy carbonate load
Brachiopoda,Rhynchonellata,Athyridida,Athyrididae,Juxathyris,252.17,265.1,1,104,72,7,3,epifaunal,"stationary, attached",suspension,hemerythrin,broadcaster,low Mg calcite,heavy carbonate load
Brachiopoda,Rhynchonellata,Athyridida,Athyrididae,Pinegathyris,252.17,259.9,1,3,1,1,1,epifaunal,"stationary, attached",suspension,hemerythrin,broadcaster,low Mg calcite,heavy carbonate load
Brachiopoda,Rhynchonellata,Athyridida,Athyrididae,Rectambitus,252.17,259.9,1,6,5,3,1,epifaunal,"stationary, attached",suspension,hemerythrin,broadcaster,low Mg calcite,heavy carbonate load
Brachiopoda,Rhynchonellata,Athyridida,Athyrididae,Septospirigerella,252.17,265.1,1,44,3,1,2,epifaunal,"stationary, attached",suspension,hemerythrin,broadcaster,low Mg calcite,heavy carbonate load
Brachiopoda,Rhynchonellata,Athyridida,Athyrididae,Spirigerella,252.17,268.8,1,775,220,13,3,epifaunal,"stationary, attached",suspension,hemerythrin,broadcaster,low Mg calcite,heavy carbonate load
Brachiopoda,Rhynchonellata,Athyridida,Athyrididae,Tarimathyris,252.17,254.17,1,8,8,2,1,epifaunal,"stationary, attached",suspension,hemerythrin,broadcaster,low Mg calcite,heavy carbonate load
Brachiopoda,Rhynchonellata,Athyridida,Athyrididae,Tongzithyris,252.17,259.9,1,9,8,4,1,epifaunal,"stationary, attached",suspension,hemerythrin,broadcaster,low Mg calcite,heavy carbonate load
Brachiopoda,Rhynchonellata,Athyridida,Athyrididae,Transcaucasathyris,252.17,265.1,1,168,54,4,3,epifaunal,"stationary, attached",suspension,hemerythrin,broadcaster,low Mg calcite,heavy carbonate load
Brachiopoda,Rhynchonellata,Athyridida,Neoretziidae,Hustedia,252.17,268.8,1,264,44,9,6,epifaunal,"stationary, attached",suspension,hemerythrin,broadcaster,low Mg calcite,heavy carbonate load
Brachiopoda,Rhynchonellata,Orthida,Enteletidae,Camerenteletes,252.17,254.17,1,4,4,1,1,epifaunal,"stationary, attached",suspension,hemerythrin,broadcaster,low Mg calcite,heavy carbonate load
Brachiopoda,Rhynchonellata,Orthida,Enteletidae,Enteletella,252.17,254.17,1,2,2,1,1,epifaunal,"stationary, attached",suspension,hemerythrin,broadcaster,low Mg calcite,heavy carbonate load
Brachiopoda,Rhynchonellata,Orthida,Enteletidae,Enteletes,252.17,265.1,1,139,64,16,6,epifaunal,"stationary, attached",suspension,hemerythrin,broadcaster,low Mg calcite,heavy carbonate load
Brachiopoda,Rhynchonellata,Orthida,Enteletidae,Enteletina,252.17,268.8,1,14,2,2,2,epifaunal,"stationary, attached",suspension,hemerythrin,broadcaster,low Mg calcite,heavy carbonate load
Brachiopoda,Rhynchonellata,Orthida,Enteletidae,Peltichia,252.17,265.1,1,102,78,6,5,epifaunal,"stationary, attached",suspension,hemerythrin,broadcaster,low Mg calcite,heavy carbonate load
Brachiopoda,Rhynchonellata,Orthida,Rhipidomellidae,Rhipidomella,252.17,265.1,1,20,10,4,4,epifaunal,"stationary, attached",suspension,hemerythrin,broadcaster,low Mg calcite,heavy carbonate load
Brachiopoda,Rhynchonellata,Orthida,Schizophoriidae,Acosarina,251.3,272.3,0,221,113,5,7,epifaunal,"stationary, attached",suspension,hemerythrin,broadcaster,low Mg calcite,heavy carbonate load
Brachiopoda,Rhynchonellata,Orthida,Schizophoriidae,Kotlaia,251.3,265.1,0,13,6,1,2,epifaunal,"stationary, attached",suspension,hemerythrin,broadcaster,low Mg calcite,heavy carbonate load
Brachiopoda,Rhynchonellata,Orthida,Schizophoriidae,Orthotichia,252.17,268.8,1,47,7,5,5,epifaunal,"stationary, attached",suspension,hemerythrin,broadcaster,low Mg calcite,heavy carbonate load
Brachiopoda,Rhynchonellata,Rhynchonellida,Allorhynchidae,Allorhynchus,252.17,265.1,1,23,3,2,2,epifaunal,"stationary, attached",suspension,hemerythrin,broadcaster,low Mg calcite,heavy carbonate load
Brachiopoda,Rhynchonellata,Rhynchonellida,Allorhynchidae,Gerassimovia,252.17,254.17,1,6,6,3,2,epifaunal,"stationary, attached",suspension,hemerythrin,broadcaster,low Mg calcite,heavy carbonate load
Brachiopoda,Rhynchonellata,Rhynchonellida,Allorhynchidae,Pseudowellerella,252.17,259.9,1,7,4,1,2,epifaunal,"stationary, attached",suspension,hemerythrin,broadcaster,low Mg calcite,heavy carbonate load
Brachiopoda,Rhynchonellata,Rhynchonellida,Allorhynchidae,Terebratuloidea,251.3,265.1,0,164,15,5,3,epifaunal,"stationary, attached",suspension,hemerythrin,broadcaster,low Mg calcite,heavy carbonate load
Brachiopoda,Rhynchonellata,Rhynchonellida,Allorhynchidae,Wairakiella,252.17,259.9,1,9,7,1,1,epifaunal,"stationary, attached",suspension,hemerythrin,broadcaster,low Mg calcite,heavy carbonate load
Brachiopoda,Rhynchonellata,Rhynchonellida,NO_FAMILY_SPECIFIED,Pseudopugnax,252.17,254.17,1,2,2,1,1,epifaunal,"stationary, attached",suspension,hemerythrin,broadcaster,low Mg calcite,heavy carbonate load
Brachiopoda,Rhynchonellata,Rhynchonellida,Pontisiidae,Prelissorhynchia,251.3,265.1,0,167,128,4,5,epifaunal,"stationary, attached",suspension,hemerythrin,broadcaster,low Mg calcite,heavy carbonate load
Brachiopoda,Rhynchonellata,Rhynchonellida,Pontisiidae,Wellerellina,252.17,259.9,1,11,10,3,1,epifaunal,"stationary, attached",suspension,hemerythrin,broadcaster,low Mg calcite,heavy carbonate load
Brachiopoda,Rhynchonellata,Rhynchonellida,Psilocamaridae,Bicamella,252.17,265.1,1,8,1,1,1,epifaunal,"stationary, attached",suspension,hemerythrin,broadcaster,low Mg calcite,heavy carbonate load
Brachiopoda,Rhynchonellata,Rhynchonellida,Psilocamaridae,Camarophorinella,252.17,254.17,1,7,7,4,2,epifaunal,"stationary, attached",suspension,hemerythrin,broadcaster,low Mg calcite,heavy carbonate load
Brachiopoda,Rhynchonellata,Rhynchonellida,Psilocamaridae,Chivatschella,252.17,254.17,1,2,2,1,1,epifaunal,"stationary, attached",suspension,hemerythrin,broadcaster,low Mg calcite,heavy carbonate load
Brachiopoda,Rhynchonellata,Rhynchonellida,Psilocamaridae,Cyrolexis,252.17,265.1,1,32,6,3,2,epifaunal,"stationary, attached",suspension,hemerythrin,broadcaster,low Mg calcite,heavy carbonate load
Brachiopoda,Rhynchonellata,Rhynchonellida,Psilocamaridae,Goleomixa,252.17,254.17,1,1,1,1,1,epifaunal,"stationary, attached",suspension,hemerythrin,broadcaster,low Mg calcite,heavy carbonate load
Brachiopoda,Rhynchonellata,Rhynchonellida,Psilocamaridae,Hybostenoscisma,252.17,259.9,1,9,5,2,2,epifaunal,"stationary, attached",suspension,hemerythrin,broadcaster,low Mg calcite,heavy carbonate load
Brachiopoda,Rhynchonellata,Rhynchonellida,Psilocamaridae,Neopsilocamara,252.17,259.9,1,2,1,1,1,epifaunal,"stationary, attached",suspension,hemerythrin,broadcaster,low Mg calcite,heavy carbonate load
Brachiopoda,Rhynchonellata,Rhynchonellida,Rhynchoporidae,Rhynchopora,252.17,268.8,1,81,3,3,2,epifaunal,"stationary, attached",suspension,hemerythrin,broadcaster,low Mg calcite,heavy carbonate load
Brachiopoda,Rhynchonellata,Rhynchonellida,Stenoscismatidae,Coledium,252.17,272.3,1,17,3,2,1,epifaunal,"stationary, attached",suspension,hemerythrin,broadcaster,low Mg calcite,heavy carbonate load
Brachiopoda,Rhynchonellata,Rhynchonellida,Stenoscismatidae,Stenoscisma,252.17,272.3,1,305,19,8,4,epifaunal,"stationary, attached",suspension,hemerythrin,broadcaster,low Mg calcite,heavy carbonate load
Brachiopoda,Rhynchonellata,Rhynchonellida,Wellerellidae,Anchorhynchia,252.17,265.1,1,48,37,3,1,epifaunal,"stationary, attached",suspension,hemerythrin,broadcaster,low Mg calcite,heavy carbonate load
Brachiopoda,Rhynchonellata,Rhynchonellida,Wellerellidae,Ancorhynchia,252.17,254.17,1,5,5,2,1,epifaunal,"stationary, attached",suspension,hemerythrin,broadcaster,low Mg calcite,heavy carbonate load
Brachiopoda,Rhynchonellata,Rhynchonellida,Wellerellidae,Glyptorhynchia,252.17,259.9,1,9,8,1,2,epifaunal,"stationary, attached",suspension,hemerythrin,broadcaster,low Mg calcite,heavy carbonate load
Brachiopoda,Rhynchonellata,Rhynchonellida,Wellerellidae,Plekonella,252.17,265.1,1,29,8,2,2,epifaunal,"stationary, attached",suspension,hemerythrin,broadcaster,low Mg calcite,heavy carbonate load
Brachiopoda,Rhynchonellata,Rhynchonellida,Wellerellidae,Tautosia,252.17,265.1,1,48,4,1,1,epifaunal,"stationary, attached",suspension,hemerythrin,broadcaster,low Mg calcite,heavy carbonate load
Brachiopoda,Rhynchonellata,Rhynchonellida,Wellerellidae,Uncinunellina,252.17,268.8,1,136,66,6,3,epifaunal,"stationary, attached",suspension,hemerythrin,broadcaster,low Mg calcite,heavy carbonate load
Brachiopoda,Rhynchonellata,Rhynchonellida,Wellerellidae,Wellerella,252.17,268.8,1,25,6,2,4,epifaunal,"stationary, attached",suspension,hemerythrin,broadcaster,low Mg calcite,heavy carbonate load
Brachiopoda,Rhynchonellata,Spiriferida,Ambocoeliidae,Attenuatella,252.17,268.8,1,43,19,5,6,epifaunal,"stationary, attached",suspension,hemerythrin,broadcaster,low Mg calcite,heavy carbonate load
Brachiopoda,Rhynchonellata,Spiriferida,Ambocoeliidae,Cruricella,252.17,265.1,1,7,5,1,3,epifaunal,"stationary, attached",suspension,hemerythrin,broadcaster,low Mg calcite,heavy carbonate load
Brachiopoda,Rhynchonellata,Spiriferida,Ambocoeliidae,Crurithyris,251.3,268.8,0,54,32,5,2,epifaunal,"stationary, attached",suspension,hemerythrin,broadcaster,low Mg calcite,heavy carbonate load
Brachiopoda,Rhynchonellata,Spiriferida,Ambocoeliidae,Orbicoelia,251.3,268.8,0,90,47,7,5,epifaunal,"stationary, attached",suspension,hemerythrin,broadcaster,low Mg calcite,heavy carbonate load
Brachiopoda,Rhynchonellata,Spiriferida,Ambocoeliidae,Paracrurithyris,251.3,254.17,0,105,90,1,5,epifaunal,"stationary, attached",suspension,hemerythrin,broadcaster,low Mg calcite,heavy carbonate load
Brachiopoda,Rhynchonellata,Spiriferida,Ambocoeliidae,Speciothyris,251.3,265.1,0,69,42,1,1,epifaunal,"stationary, attached",suspension,hemerythrin,broadcaster,low Mg calcite,heavy carbonate load
Brachiopoda,Rhynchonellata,Spiriferida,Brachythyrididae,Pustuloplica,252.17,254.17,1,1,1,1,1,epifaunal,"stationary, attached",suspension,hemerythrin,broadcaster,low Mg calcite,heavy carbonate load
Brachiopoda,Rhynchonellata,Spiriferida,Choristitidae,Alphaneospirifer,252.17,265.1,1,21,14,3,3,epifaunal,"stationary, attached",suspension,hemerythrin,broadcaster,low Mg calcite,heavy carbonate load
Brachiopoda,Rhynchonellata,Spiriferida,Choristitidae,Choristitella,252.17,268.8,1,15,4,1,2,epifaunal,"stationary, attached",suspension,hemerythrin,broadcaster,low Mg calcite,heavy carbonate load
Brachiopoda,Rhynchonellata,Spiriferida,Choristitidae,Semibrachythyrina,252.17,259.9,1,3,2,1,2,epifaunal,"stationary, attached",suspension,hemerythrin,broadcaster,low Mg calcite,heavy carbonate load
Brachiopoda,Rhynchonellata,Spiriferida,Elythidae,Permophricodothyris,252.17,265.1,1,339,115,13,6,epifaunal,"stationary, attached",suspension,hemerythrin,broadcaster,low Mg calcite,heavy carbonate load
Brachiopoda,Rhynchonellata,Spiriferida,Elythidae,Phricodothyris,252.17,268.8,1,68,21,6,5,epifaunal,"stationary, attached",suspension,hemerythrin,broadcaster,low Mg calcite,heavy carbonate load
Brachiopoda,Rhynchonellata,Spiriferida,Elythidae,Squamularia,252.17,265.1,1,11,4,3,3,epifaunal,"stationary, attached",suspension,hemerythrin,broadcaster,low Mg calcite,heavy carbonate load
Brachiopoda,Rhynchonellata,Spiriferida,Ingelarellidae,Ambikella,252.17,259.9,1,16,14,4,3,epifaunal,"stationary, attached",suspension,hemerythrin,broadcaster,low Mg calcite,heavy carbonate load
Brachiopoda,Rhynchonellata,Spiriferida,Ingelarellidae,Fredericksia,252.17,259.9,1,1,1,1,1,epifaunal,"stationary, attached",suspension,hemerythrin,broadcaster,low Mg calcite,heavy carbonate load
Brachiopoda,Rhynchonellata,Spiriferida,Ingelarellidae,Ingelarella,252.17,265.1,1,78,2,1,1,epifaunal,"stationary, attached",suspension,hemerythrin,broadcaster,low Mg calcite,heavy carbonate load
Brachiopoda,Rhynchonellata,Spiriferida,Ingelarellidae,Martiniopsis,252.17,268.8,1,24,10,4,4,epifaunal,"stationary, attached",suspension,hemerythrin,broadcaster,low Mg calcite,heavy carbonate load
Brachiopoda,Rhynchonellata,Spiriferida,Ingelarellidae,Notospirifer,252.17,268.8,1,26,1,1,2,epifaunal,"stationary, attached",suspension,hemerythrin,broadcaster,low Mg calcite,heavy carbonate load
Brachiopoda,Rhynchonellata,Spiriferida,Ingelarellidae,Tomiopsis,252.17,268.8,1,23,1,1,1,epifaunal,"stationary, attached",suspension,hemerythrin,broadcaster,low Mg calcite,heavy carbonate load
Brachiopoda,Rhynchonellata,Spiriferida,Martiniidae,Ladoliplica,252.17,254.17,1,2,2,2,1,epifaunal,"stationary, attached",suspension,hemerythrin,broadcaster,low Mg calcite,heavy carbonate load
Brachiopoda,Rhynchonellata,Spiriferida,Martiniidae,Martinia,251.3,268.8,0,271,70,24,7,epifaunal,"stationary, attached",suspension,hemerythrin,broadcaster,low Mg calcite,heavy carbonate load
Brachiopoda,Rhynchonellata,Spiriferida,Martiniidae,Spinomartinia,252.17,259.9,1,4,3,1,1,epifaunal,"stationary, attached",suspension,hemerythrin,broadcaster,low Mg calcite,heavy carbonate load
Brachiopoda,Rhynchonellata,Spiriferida,Martiniidae,Tiramnia,252.17,259.9,1,8,2,1,1,epifaunal,"stationary, attached",suspension,hemerythrin,broadcaster,low Mg calcite,heavy carbonate load
Brachiopoda,Rhynchonellata,Spiriferida,Micromartiniidae,Micromartinia,252.17,254.17,1,6,6,1,1,epifaunal,"stationary, attached",suspension,hemerythrin,broadcaster,low Mg calcite,heavy carbonate load
Brachiopoda,Rhynchonellata,Spiriferida,Spiriferellidae,Arcullina,252.17,265.1,1,32,27,3,1,epifaunal,"stationary, attached",suspension,hemerythrin,broadcaster,low Mg calcite,heavy carbonate load
Brachiopoda,Rhynchonellata,Spiriferida,Spiriferellidae,Elivina,252.17,265.1,1,11,1,1,1,epifaunal,"stationary, attached",suspension,hemerythrin,broadcaster,low Mg calcite,heavy carbonate load
Brachiopoda,Rhynchonellata,Spiriferida,Spiriferellidae,Nakimusiella,252.17,254.17,1,4,4,1,1,epifaunal,"stationary, attached",suspension,hemerythrin,broadcaster,low Mg calcite,heavy carbonate load
Brachiopoda,Rhynchonellata,Spiriferida,Spiriferellidae,Spiriferella,252.17,272.3,1,196,59,5,5,epifaunal,"stationary, attached",suspension,hemerythrin,broadcaster,low Mg calcite,heavy carbonate load
Brachiopoda,Rhynchonellata,Spiriferida,Strophopleuridae,Pteroplecta,252.17,268.8,1,25,23,2,1,epifaunal,"stationary, attached",suspension,hemerythrin,broadcaster,low Mg calcite,heavy carbonate load
Brachiopoda,Rhynchonellata,Spiriferida,Trigonotretidae,Aperispirifer,252.17,265.1,1,46,12,1,2,epifaunal,"stationary, attached",suspension,hemerythrin,broadcaster,low Mg calcite,heavy carbonate load
Brachiopoda,Rhynchonellata,Spiriferida,Trigonotretidae,Betaneospirifer,252.17,268.8,1,224,78,5,1,epifaunal,"stationary, attached",suspension,hemerythrin,broadcaster,low Mg calcite,heavy carbonate load
Brachiopoda,Rhynchonellata,Spiriferida,Trigonotretidae,Blasispirifer,252.17,268.8,1,29,4,1,1,epifaunal,"stationary, attached",suspension,hemerythrin,broadcaster,low Mg calcite,heavy carbonate load
Brachiopoda,Rhynchonellata,Spiriferida,Trigonotretidae,Cartorhium,252.17,265.1,1,19,3,2,1,epifaunal,"stationary, attached",suspension,hemerythrin,broadcaster,low Mg calcite,heavy carbonate load
Brachiopoda,Rhynchonellata,Spiriferida,Trigonotretidae,Crassispirifer,252.17,272.3,1,9,3,1,1,epifaunal,"stationary, attached",suspension,hemerythrin,broadcaster,low Mg calcite,heavy carbonate load
Brachiopoda,Rhynchonellata,Spiriferida,Trigonotretidae,Fusispirifer,252.17,259.9,1,39,22,4,1,epifaunal,"stationary, attached",suspension,hemerythrin,broadcaster,low Mg calcite,heavy carbonate load
Brachiopoda,Rhynchonellata,Spiriferida,Trigonotretidae,Neospirifer,252.17,268.8,1,28,3,3,5,epifaunal,"stationary, attached",suspension,hemerythrin,broadcaster,low Mg calcite,heavy carbonate load
Brachiopoda,Rhynchonellata,Spiriferida,Trigonotretidae,Pondospirifer,252.17,259.9,1,9,8,2,1,epifaunal,"stationary, attached",suspension,hemerythrin,broadcaster,low Mg calcite,heavy carbonate load
Brachiopoda,Rhynchonellata,Spiriferida,Trigonotretidae,Quadrospira,252.17,265.1,1,12,4,1,1,epifaunal,"stationary, attached",suspension,hemerythrin,broadcaster,low Mg calcite,heavy carbonate load
Brachiopoda,Rhynchonellata,Spiriferida,Trigonotretidae,Simplicisulcus,252.17,259.9,1,11,2,1,1,epifaunal,"stationary, attached",suspension,hemerythrin,broadcaster,low Mg calcite,heavy carbonate load
Brachiopoda,Rhynchonellata,Spiriferida,Trigonotretidae,Trigonotreta,252.17,259.9,1,7,3,1,1,epifaunal,"stationary, attached",suspension,hemerythrin,broadcaster,low Mg calcite,heavy carbonate load
Brachiopoda,Rhynchonellata,Spiriferida,Trigonotretidae,Wadispirifer,252.17,268.8,1,17,4,2,1,epifaunal,"stationary, attached",suspension,hemerythrin,broadcaster,low Mg calcite,heavy carbonate load
Brachiopoda,Rhynchonellata,Spiriferinida,Cyrtinidae,Licharewina,252.17,259.9,1,6,4,1,1,epifaunal,"stationary, attached",suspension,hemerythrin,broadcaster,low Mg calcite,heavy carbonate load
Brachiopoda,Rhynchonellata,Spiriferinida,Laballidae,Eolaballa,252.17,254.17,1,1,1,1,1,epifaunal,"stationary, attached",suspension,hemerythrin,broadcaster,low Mg calcite,heavy carbonate load
Brachiopoda,Rhynchonellata,Spiriferinida,Paraspiriferinidae,Callispirina,252.17,268.8,1,57,9,2,2,epifaunal,"stationary, attached",suspension,hemerythrin,broadcaster,low Mg calcite,heavy carbonate load
Brachiopoda,Rhynchonellata,Spiriferinida,Paraspiriferinidae,Paraspiriferina,252.17,268.8,1,169,22,3,3,epifaunal,"stationary, attached",suspension,hemerythrin,broadcaster,low Mg calcite,heavy carbonate load
Brachiopoda,Rhynchonellata,Spiriferinida,Paraspiriferinidae,Yaonoiella,252.17,254.17,1,3,3,1,1,epifaunal,"stationary, attached",suspension,hemerythrin,broadcaster,low Mg calcite,heavy carbonate load
Brachiopoda,Rhynchonellata,Spiriferinida,Pennospiriferinidae,Xestotrema,252.17,265.1,1,124,2,1,1,epifaunal,"stationary, attached",suspension,hemerythrin,broadcaster,low Mg calcite,heavy carbonate load
Brachiopoda,Rhynchonellata,Spiriferinida,Punctospiriferidae,Punctospirifer,252.17,268.8,1,2,1,1,1,epifaunal,"stationary, attached",suspension,hemerythrin,broadcaster,low Mg calcite,heavy carbonate load
Brachiopoda,Rhynchonellata,Spiriferinida,Reticulariinidae,Reticulariina,252.17,268.8,1,33,8,2,1,epifaunal,"stationary, attached",suspension,hemerythrin,broadcaster,low Mg calcite,heavy carbonate load
Brachiopoda,Rhynchonellata,Spiriferinida,Spiriferellinidae,Crenispirifer,252.17,265.1,1,65,16,2,1,epifaunal,"stationary, attached",suspension,hemerythrin,broadcaster,low Mg calcite,heavy carbonate load
Brachiopoda,Rhynchonellata,Spiriferinida,Spiriferellinidae,Spiriferellina,252.17,268.8,1,199,6,3,3,epifaunal,"stationary, attached",suspension,hemerythrin,broadcaster,low Mg calcite,heavy carbonate load
Brachiopoda,Rhynchonellata,Spiriferinida,Spiriferellinidae,Sulcispiriferina,252.17,254.17,1,4,4,1,1,epifaunal,"stationary, attached",suspension,hemerythrin,broadcaster,low Mg calcite,heavy carbonate load
Brachiopoda,Rhynchonellata,Spiriferinida,Spiriferinidae,Spiriferina,163.5,265.1,0,166,1,1,1,epifaunal,"stationary, attached",suspension,hemerythrin,broadcaster,low Mg calcite,heavy carbonate load
Brachiopoda,Rhynchonellata,Spiriferinida,Syringothyrididae,Syrella,252.17,254.17,1,11,11,1,1,epifaunal,"stationary, attached",suspension,hemerythrin,broadcaster,low Mg calcite,heavy carbonate load
Brachiopoda,Rhynchonellata,Terebratulida,Beecheriidae,Hoskingia,252.17,259.9,1,31,19,2,1,epifaunal,"stationary, attached",suspension,hemerythrin,broadcaster,low Mg calcite,heavy carbonate load
Brachiopoda,Rhynchonellata,Terebratulida,Dielasmatidae,Amygdalocosta,252.17,259.9,1,6,3,1,1,epifaunal,"stationary, attached",suspension,hemerythrin,broadcaster,low Mg calcite,heavy carbonate load
Brachiopoda,Rhynchonellata,Terebratulida,Dielasmatidae,Dielasma,252.17,268.8,1,188,15,10,8,epifaunal,"stationary, attached",suspension,hemerythrin,broadcaster,low Mg calcite,heavy carbonate load
Brachiopoda,Rhynchonellata,Terebratulida,Dielasmatidae,Dielasmina,252.17,265.1,1,50,2,1,1,epifaunal,"stationary, attached",suspension,hemerythrin,broadcaster,low Mg calcite,heavy carbonate load
Brachiopoda,Rhynchonellata,Terebratulida,Dielasmatidae,Whitspakia,252.17,265.1,1,86,13,3,3,epifaunal,"stationary, attached",suspension,hemerythrin,broadcaster,low Mg calcite,heavy carbonate load
Brachiopoda,Rhynchonellata,Terebratulida,Gillediidae,Hemiptychina,252.17,268.8,1,231,21,6,2,epifaunal,"stationary, attached",suspension,hemerythrin,broadcaster,low Mg calcite,heavy carbonate load
Brachiopoda,Rhynchonellata,Terebratulida,Gillediidae,Maorielasma,252.17,265.1,1,42,3,1,3,epifaunal,"stationary, attached",suspension,hemerythrin,broadcaster,low Mg calcite,heavy carbonate load
Brachiopoda,Rhynchonellata,Terebratulida,Gillediidae,Omanilasma,252.17,265.1,1,5,1,1,1,epifaunal,"stationary, attached",suspension,hemerythrin,broadcaster,low Mg calcite,heavy carbonate load
Brachiopoda,Rhynchonellata,Terebratulida,Gillediidae,Sichuanothyris,252.17,254.17,1,1,1,1,1,epifaunal,"stationary, attached",suspension,hemerythrin,broadcaster,low Mg calcite,heavy carbonate load
Brachiopoda,Rhynchonellata,Terebratulida,Heterelasminidae,Chuanyanella,252.17,254.17,1,3,3,2,1,epifaunal,"stationary, attached",suspension,hemerythrin,broadcaster,low Mg calcite,heavy carbonate load
Brachiopoda,Rhynchonellata,Terebratulida,Heterelasminidae,Gundarolasmina,252.17,265.1,1,24,4,2,2,epifaunal,"stationary, attached",suspension,hemerythrin,broadcaster,low Mg calcite,heavy carbonate load
Brachiopoda,Rhynchonellata,Terebratulida,Heterelasminidae,Heterelasmina,252.17,268.8,1,5,4,1,1,epifaunal,"stationary, attached",suspension,hemerythrin,broadcaster,low Mg calcite,heavy carbonate load
Brachiopoda,Rhynchonellata,Terebratulida,Heterelasminidae,Mimaria,252.17,254.17,1,6,6,1,1,epifaunal,"stationary, attached",suspension,hemerythrin,broadcaster,low Mg calcite,heavy carbonate load
Brachiopoda,Rhynchonellata,Terebratulida,Heterelasminidae,Pseudolabaia,252.17,259.9,1,8,7,4,1,epifaunal,"stationary, attached",suspension,hemerythrin,broadcaster,low Mg calcite,heavy carbonate load
Brachiopoda,Rhynchonellata,Terebratulida,Heterelasminidae,Qinglongia,252.17,265.1,1,16,14,7,1,epifaunal,"stationary, attached",suspension,hemerythrin,broadcaster,low Mg calcite,heavy carbonate load
Brachiopoda,Rhynchonellata,Terebratulida,Heterelasminidae,Zhongliangshania,252.17,254.17,1,1,1,1,1,epifaunal,"stationary, attached",suspension,hemerythrin,broadcaster,low Mg calcite,heavy carbonate load
Brachiopoda,Rhynchonellata,Terebratulida,Labaiidae,Labaia,252.17,265.1,1,5,3,1,2,epifaunal,"stationary, attached",suspension,hemerythrin,broadcaster,low Mg calcite,heavy carbonate load
Brachiopoda,Rhynchonellata,Terebratulida,Notothyrididae,Gefonia,252.17,265.1,1,13,7,4,3,epifaunal,"stationary, attached",suspension,hemerythrin,broadcaster,low Mg calcite,heavy carbonate load
Brachiopoda,Rhynchonellata,Terebratulida,Notothyrididae,Notothyrina,252.17,259.9,1,6,5,1,2,epifaunal,"stationary, attached",suspension,hemerythrin,broadcaster,low Mg calcite,heavy carbonate load
Brachiopoda,Rhynchonellata,Terebratulida,Notothyrididae,Notothyris,251.3,268.8,0,419,59,19,5,epifaunal,"stationary, attached",suspension,hemerythrin,broadcaster,low Mg calcite,heavy carbonate load
Brachiopoda,Rhynchonellata,Terebratulida,Notothyrididae,Rostranteris,252.17,265.1,1,13,5,3,1,epifaunal,"stationary, attached",suspension,hemerythrin,broadcaster,low Mg calcite,heavy carbonate load
Brachiopoda,Rhynchonellata,Terebratulida,Pseudodielasmatidae,Fredericksolasma,252.17,265.1,1,23,5,2,2,epifaunal,"stationary, attached",suspension,hemerythrin,broadcaster,low Mg calcite,heavy carbonate load
Brachiopoda,Rhynchonellata,Terebratulida,Pseudodielasmatidae,Marinurnula,252.17,265.1,1,26,1,1,1,epifaunal,"stationary, attached",suspension,hemerythrin,broadcaster,low Mg calcite,heavy carbonate load
Brachiopoda,Strophomenata,Orthotetida,Derbyiidae,Derbyia,252.17,268.8,1,361,121,17,7,epifaunal,"stationary, attached",suspension,hemerythrin,broadcaster,low Mg calcite,heavy carbonate load
Brachiopoda,Strophomenata,Orthotetida,Meekellidae,Alatorthotetina,252.17,259.9,1,5,1,1,1,epifaunal,"stationary, attached",suspension,hemerythrin,broadcaster,low Mg calcite,heavy carbonate load
Brachiopoda,Strophomenata,Orthotetida,Meekellidae,Geyerella,252.17,268.8,1,18,5,3,4,epifaunal,"stationary, attached",suspension,hemerythrin,broadcaster,low Mg calcite,heavy carbonate load
Brachiopoda,Strophomenata,Orthotetida,Meekellidae,Meekella,252.17,265.1,1,162,69,15,4,epifaunal,"stationary, attached",suspension,hemerythrin,broadcaster,low Mg calcite,heavy carbonate load
Brachiopoda,Strophomenata,Orthotetida,Meekellidae,Meekellogeyerella,252.17,254.17,1,1,1,1,1,epifaunal,"stationary, attached",suspension,hemerythrin,broadcaster,low Mg calcite,heavy carbonate load
Brachiopoda,Strophomenata,Orthotetida,Meekellidae,Ombonia,252.17,265.1,1,48,19,3,5,epifaunal,"stationary, attached",suspension,hemerythrin,broadcaster,low Mg calcite,heavy carbonate load
Brachiopoda,Strophomenata,Orthotetida,Meekellidae,Orthothetina,251.3,268.8,0,383,213,12,9,epifaunal,"stationary, attached",suspension,hemerythrin,broadcaster,low Mg calcite,heavy carbonate load
Brachiopoda,Strophomenata,Orthotetida,Meekellidae,Paraorthotetina,252.17,259.9,1,11,3,2,2,epifaunal,"stationary, attached",suspension,hemerythrin,broadcaster,low Mg calcite,heavy carbonate load
Brachiopoda,Strophomenata,Orthotetida,Meekellidae,Perigeyerella,252.17,265.1,1,72,38,7,2,epifaunal,"stationary, attached",suspension,hemerythrin,broadcaster,low Mg calcite,heavy carbonate load
Brachiopoda,Strophomenata,Orthotetida,Orthotetidae,Orthotetes,252.17,268.8,1,9,3,1,1,epifaunal,"stationary, attached",suspension,hemerythrin,broadcaster,low Mg calcite,heavy carbonate load
Brachiopoda,Strophomenata,Orthotetida,Schuchertellidae,Arctitreta,252.17,259.9,1,29,5,1,1,epifaunal,"stationary, attached",suspension,hemerythrin,broadcaster,low Mg calcite,heavy carbonate load
Brachiopoda,Strophomenata,Orthotetida,Schuchertellidae,Erismatina,252.17,254.17,1,3,3,1,2,epifaunal,"stationary, attached",suspension,hemerythrin,broadcaster,low Mg calcite,heavy carbonate load
Brachiopoda,Strophomenata,Orthotetida,Schuchertellidae,Goniarina,252.17,265.1,1,8,1,1,1,epifaunal,"stationary, attached",suspension,hemerythrin,broadcaster,low Mg calcite,heavy carbonate load
Brachiopoda,Strophomenata,Orthotetida,Schuchertellidae,Kiangsiella,252.17,268.8,1,128,24,2,2,epifaunal,"stationary, attached",suspension,hemerythrin,broadcaster,low Mg calcite,heavy carbonate load
Brachiopoda,Strophomenata,Orthotetida,Schuchertellidae,Pseudostreptorhynchus,252.17,259.9,1,4,3,1,1,epifaunal,"stationary, attached",suspension,hemerythrin,broadcaster,low Mg calcite,heavy carbonate load
Brachiopoda,Strophomenata,Orthotetida,Schuchertellidae,Schuchertella,252.17,268.8,1,49,16,4,4,epifaunal,"stationary, attached",suspension,hemerythrin,broadcaster,low Mg calcite,heavy carbonate load
Brachiopoda,Strophomenata,Orthotetida,Schuchertellidae,Streptorhynchus,252.17,268.8,1,136,30,10,2,epifaunal,"stationary, attached",suspension,hemerythrin,broadcaster,low Mg calcite,heavy carbonate load
Brachiopoda,Strophomenata,Orthotetida,Schuchertellidae,Teserina,252.17,254.17,1,4,4,1,1,epifaunal,"stationary, attached",suspension,hemerythrin,broadcaster,low Mg calcite,heavy carbonate load
Brachiopoda,Strophomenata,Orthotetida,Schuchertellidae,Tropidelasma,252.17,265.1,1,43,14,4,2,epifaunal,"stationary, attached",suspension,hemerythrin,broadcaster,low Mg calcite,heavy carbonate load
Brachiopoda,Strophomenata,Productida,Anopliidae,Glabrichonetina,252.17,254.17,1,1,1,1,1,epifaunal,"stationary, attached",suspension,hemerythrin,broadcaster,low Mg calcite,heavy carbonate load
Brachiopoda,Strophomenata,Productida,Anopliidae,Parvichonetes,252.17,254.17,1,1,1,1,1,epifaunal,"stationary, attached",suspension,hemerythrin,broadcaster,low Mg calcite,heavy carbonate load
Brachiopoda,Strophomenata,Productida,Anopliidae,Tornquistia,252.17,259.9,1,7,6,1,1,epifaunal,"stationary, attached",suspension,hemerythrin,broadcaster,low Mg calcite,heavy carbonate load
Brachiopoda,Strophomenata,Productida,Aulostegidae,Aulosteges,252.17,268.8,1,17,4,3,2,epifaunal,"stationary, attached",suspension,hemerythrin,broadcaster,low Mg calcite,heavy carbonate load
Brachiopoda,Strophomenata,Productida,Aulostegidae,Costisteges,252.17,254.17,1,2,2,1,1,epifaunal,"stationary, attached",suspension,hemerythrin,broadcaster,low Mg calcite,heavy carbonate load
Brachiopoda,Strophomenata,Productida,Aulostegidae,Edriosteges,252.17,265.1,1,80,27,5,3,epifaunal,"stationary, attached",suspension,hemerythrin,broadcaster,low Mg calcite,heavy carbonate load
Brachiopoda,Strophomenata,Productida,Aulostegidae,Licharewiconcha,252.17,254.17,1,6,6,1,1,epifaunal,"stationary, attached",suspension,hemerythrin,broadcaster,low Mg calcite,heavy carbonate load
Brachiopoda,Strophomenata,Productida,Aulostegidae,Megasteges,252.17,259.9,1,41,31,1,1,epifaunal,"stationary, attached",suspension,hemerythrin,broadcaster,low Mg calcite,heavy carbonate load
Brachiopoda,Strophomenata,Productida,Aulostegidae,Saeptathaerus,252.17,259.9,1,14,8,1,1,epifaunal,"stationary, attached",suspension,hemerythrin,broadcaster,low Mg calcite,heavy carbonate load
Brachiopoda,Strophomenata,Productida,Aulostegidae,Sphenosteges,252.17,268.8,1,18,1,1,1,erect,"stationary, attached",suspension,hemerythrin,broadcaster,low Mg calcite,heavy carbonate load
Brachiopoda,Strophomenata,Productida,Aulostegidae,Strophalosiina,252.17,265.1,1,15,8,3,4,epifaunal,"stationary, attached",suspension,hemerythrin,broadcaster,low Mg calcite,heavy carbonate load
Brachiopoda,Strophomenata,Productida,Aulostegidae,Taeniothaerus,252.17,265.1,1,25,4,2,1,epifaunal,"stationary, attached",suspension,hemerythrin,broadcaster,low Mg calcite,heavy carbonate load
Brachiopoda,Strophomenata,Productida,Aulostegidae,Urushtenia,252.17,268.8,1,10,6,1,1,epifaunal,"stationary, attached",suspension,hemerythrin,broadcaster,low Mg calcite,heavy carbonate load
Brachiopoda,Strophomenata,Productida,Aulostegidae,Urushtenoidea,252.17,268.8,1,27,2,2,2,epifaunal,"stationary, attached",suspension,hemerythrin,broadcaster,low Mg calcite,heavy carbonate load
Brachiopoda,Strophomenata,Productida,Chonopectidae,Minutomarginifera,252.17,254.17,1,5,5,1,1,epifaunal,"stationary, attached",suspension,hemerythrin,broadcaster,low Mg calcite,heavy carbonate load
Brachiopoda,Strophomenata,Productida,Cooperinidae,Falafer,252.17,259.9,1,11,4,2,1,epifaunal,"stationary, attached",suspension,hemerythrin,broadcaster,low Mg calcite,heavy carbonate load
Brachiopoda,Strophomenata,Productida,Echinoconchidae,Bathymyonia,252.17,268.8,1,67,2,1,1,epifaunal,"stationary, unattached",suspension,hemerythrin,broadcaster,low Mg calcite,heavy carbonate load
Brachiopoda,Strophomenata,Productida,Echinoconchidae,Chenxianoproductus,252.17,259.9,1,17,11,2,1,epifaunal,"stationary, unattached",suspension,hemerythrin,broadcaster,low Mg calcite,heavy carbonate load
Brachiopoda,Strophomenata,Productida,Echinoconchidae,Contraspina,251.3,268.8,0,50,23,1,1,epifaunal,"stationary, unattached",suspension,hemerythrin,broadcaster,low Mg calcite,heavy carbonate load
Brachiopoda,Strophomenata,Productida,Echinoconchidae,Fostericoncha,252.17,254.17,1,5,5,1,1,epifaunal,"stationary, unattached",suspension,hemerythrin,broadcaster,low Mg calcite,heavy carbonate load
Brachiopoda,Strophomenata,Productida,Echinoconchidae,Vediproductus,252.17,268.8,1,13,3,1,1,epifaunal,"stationary, unattached",suspension,hemerythrin,broadcaster,low Mg calcite,heavy carbonate load
Brachiopoda,Strophomenata,Productida,Echinoconchidae,Waagenoconcha,252.17,268.8,1,182,34,9,2,epifaunal,"stationary, unattached",suspension,hemerythrin,broadcaster,low Mg calcite,heavy carbonate load
Brachiopoda,Strophomenata,Productida,Gemmellaroiidae,Tectarea,252.17,254.17,1,1,1,1,1,epifaunal,"stationary, attached",suspension,hemerythrin,broadcaster,low Mg calcite,heavy carbonate load
Brachiopoda,Strophomenata,Productida,Hercosiidae,Neorichthofenia,252.17,254.17,1,2,2,1,1,epifaunal,"stationary, attached",suspension,hemerythrin,broadcaster,low Mg calcite,heavy carbonate load
Brachiopoda,Strophomenata,Productida,Linoproductidae,Anidanthus,252.17,268.8,1,71,42,5,6,epifaunal,"stationary, attached",suspension,hemerythrin,broadcaster,low Mg calcite,heavy carbonate load
Brachiopoda,Strophomenata,Productida,Linoproductidae,Aurilinoproductus,252.17,259.9,1,4,3,1,1,epifaunal,"stationary, attached",suspension,hemerythrin,broadcaster,low Mg calcite,heavy carbonate load
Brachiopoda,Strophomenata,Productida,Linoproductidae,Cancrinella,252.17,268.8,1,15,1,1,1,epifaunal,"stationary, attached",suspension,hemerythrin,broadcaster,low Mg calcite,heavy carbonate load
Brachiopoda,Strophomenata,Productida,Linoproductidae,Coolkilella,252.17,259.9,1,11,8,1,1,epifaunal,"stationary, attached",suspension,hemerythrin,broadcaster,low Mg calcite,heavy carbonate load
Brachiopoda,Strophomenata,Productida,Linoproductidae,Fusiproductus,252.17,259.9,1,7,4,1,2,epifaunal,"stationary, attached",suspension,hemerythrin,broadcaster,low Mg calcite,heavy carbonate load
Brachiopoda,Strophomenata,Productida,Linoproductidae,Kuvelousia,252.17,259.9,1,33,7,1,1,epifaunal,"stationary, attached",suspension,hemerythrin,broadcaster,low Mg calcite,heavy carbonate load
Brachiopoda,Strophomenata,Productida,Linoproductidae,Linoproductus,251.3,268.8,0,216,56,5,5,epifaunal,"stationary, attached",suspension,hemerythrin,broadcaster,low Mg calcite,heavy carbonate load
Brachiopoda,Strophomenata,Productida,Linoproductidae,Megousia,252.17,268.8,1,15,7,2,1,epifaunal,"stationary, attached",suspension,hemerythrin,broadcaster,low Mg calcite,heavy carbonate load
Brachiopoda,Strophomenata,Productida,Linoproductidae,Parapygmochonetes,252.17,254.17,1,10,10,2,2,epifaunal,"stationary, attached",suspension,hemerythrin,broadcaster,low Mg calcite,heavy carbonate load
Brachiopoda,Strophomenata,Productida,Linoproductidae,Platycancrinella,252.17,254.17,1,12,12,1,1,epifaunal,"stationary, attached",suspension,hemerythrin,broadcaster,low Mg calcite,heavy carbonate load
Brachiopoda,Strophomenata,Productida,Linoproductidae,Stepanoviella,252.17,254.17,1,5,5,1,1,epifaunal,"stationary, attached",suspension,hemerythrin,broadcaster,low Mg calcite,heavy carbonate load
Brachiopoda,Strophomenata,Productida,Linoproductidae,Terrakea,252.17,268.8,1,90,1,1,3,epifaunal,"stationary, attached",suspension,hemerythrin,broadcaster,low Mg calcite,heavy carbonate load
Brachiopoda,Strophomenata,Productida,Lyttoniidae,Eolyttonia,252.17,268.8,1,61,28,2,3,epifaunal,"stationary, attached",suspension,hemerythrin,broadcaster,low Mg calcite,heavy carbonate load
Brachiopoda,Strophomenata,Productida,Lyttoniidae,Keyserlingina,252.17,259.9,1,19,12,4,1,epifaunal,"stationary, attached",suspension,hemerythrin,broadcaster,low Mg calcite,heavy carbonate load
Brachiopoda,Strophomenata,Productida,Lyttoniidae,Leptodus,252.17,268.8,1,207,70,4,8,epifaunal,"stationary, attached",suspension,hemerythrin,broadcaster,low Mg calcite,heavy carbonate load
Brachiopoda,Strophomenata,Productida,Lyttoniidae,Oldhamina,252.17,265.1,1,175,102,12,7,epifaunal,"stationary, attached",suspension,hemerythrin,broadcaster,low Mg calcite,heavy carbonate load
Brachiopoda,Strophomenata,Productida,Monticuliferidae,Asperlinus,252.17,265.1,1,26,1,1,1,epifaunal,"stationary, attached",suspension,hemerythrin,broadcaster,low Mg calcite,heavy carbonate load
Brachiopoda,Strophomenata,Productida,Monticuliferidae,Bandoproductus,252.17,254.17,1,2,2,1,1,epifaunal,"stationary, attached",suspension,hemerythrin,broadcaster,low Mg calcite,heavy carbonate load
Brachiopoda,Strophomenata,Productida,Monticuliferidae,Compressoproductus,252.17,265.1,1,100,37,5,6,epifaunal,"stationary, attached",suspension,hemerythrin,broadcaster,low Mg calcite,heavy carbonate load
Brachiopoda,Strophomenata,Productida,Monticuliferidae,Costatumulus,252.17,268.8,1,65,25,4,2,epifaunal,"stationary, attached",suspension,hemerythrin,broadcaster,low Mg calcite,heavy carbonate load
Brachiopoda,Strophomenata,Productida,Monticuliferidae,Haydenella,251.3,268.8,0,332,137,10,9,epifaunal,"stationary, attached",suspension,hemerythrin,broadcaster,low Mg calcite,heavy carbonate load
Brachiopoda,Strophomenata,Productida,Monticuliferidae,Magniplicatina,252.17,259.9,1,52,3,1,1,epifaunal,"stationary, attached",suspension,hemerythrin,broadcaster,low Mg calcite,heavy carbonate load
Brachiopoda,Strophomenata,Productida,Monticuliferidae,Nikitinia,252.17,254.17,1,4,4,1,1,epifaunal,"stationary, attached",suspension,hemerythrin,broadcaster,low Mg calcite,heavy carbonate load
Brachiopoda,Strophomenata,Productida,Monticuliferidae,Sarytchevinella,252.17,268.8,1,36,5,1,2,epifaunal,"stationary, attached",suspension,hemerythrin,broadcaster,low Mg calcite,heavy carbonate load
Brachiopoda,Strophomenata,Productida,Monticuliferidae,Spitzbergenia,252.17,265.1,1,16,8,2,1,epifaunal,"stationary, attached",suspension,hemerythrin,broadcaster,low Mg calcite,heavy carbonate load
Brachiopoda,Strophomenata,Productida,Monticuliferidae,Striapustula,252.17,265.1,1,4,3,1,1,epifaunal,"stationary, attached",suspension,hemerythrin,broadcaster,low Mg calcite,heavy carbonate load
Brachiopoda,Strophomenata,Productida,NO_FAMILY_SPECIFIED,Comuquia,252.17,265.1,1,8,6,1,1,epifaunal,"stationary, attached",suspension,hemerythrin,broadcaster,low Mg calcite,heavy carbonate load
Brachiopoda,Strophomenata,Productida,NO_FAMILY_SPECIFIED,Costispinifera,252.17,265.1,1,5,2,1,1,epifaunal,"stationary, attached",suspension,hemerythrin,broadcaster,low Mg calcite,heavy carbonate load
Brachiopoda,Strophomenata,Productida,NO_FAMILY_SPECIFIED,Echinauriella,252.17,265.1,1,8,5,1,1,epifaunal,"stationary, attached",suspension,hemerythrin,broadcaster,low Mg calcite,heavy carbonate load
Brachiopoda,Strophomenata,Productida,NO_FAMILY_SPECIFIED,Echinauris,252.17,265.1,1,42,7,2,3,epifaunal,"stationary, attached",suspension,hemerythrin,broadcaster,low Mg calcite,heavy carbonate load
Brachiopoda,Strophomenata,Productida,NO_FAMILY_SPECIFIED,Guangia,252.17,254.17,1,1,1,1,1,epifaunal,"stationary, attached",suspension,hemerythrin,broadcaster,low Mg calcite,heavy carbonate load
Brachiopoda,Strophomenata,Productida,NO_FAMILY_SPECIFIED,Haydenoides,252.17,259.9,1,3,1,1,1,epifaunal,"stationary, attached",suspension,hemerythrin,broadcaster,low Mg calcite,heavy carbonate load
Brachiopoda,Strophomenata,Productida,NO_FAMILY_SPECIFIED,Incisius,252.17,254.17,1,3,3,2,2,epifaunal,"stationary, attached",suspension,hemerythrin,broadcaster,low Mg calcite,heavy carbonate load
Brachiopoda,Strophomenata,Productida,NO_FAMILY_SPECIFIED,Labaella,252.17,254.17,1,7,7,1,1,epifaunal,"stationary, attached",suspension,hemerythrin,broadcaster,low Mg calcite,heavy carbonate load
Brachiopoda,Strophomenata,Productida,NO_FAMILY_SPECIFIED,Lazarevonia,252.17,254.17,1,25,25,1,1,epifaunal,"stationary, attached",suspension,hemerythrin,broadcaster,low Mg calcite,heavy carbonate load
Brachiopoda,Strophomenata,Productida,NO_FAMILY_SPECIFIED,Lethamia,252.17,259.9,1,7,1,1,1,epifaunal,"stationary, attached",suspension,hemerythrin,broadcaster,low Mg calcite,heavy carbonate load
Brachiopoda,Strophomenata,Productida,NO_FAMILY_SPECIFIED,Marginifera,251.3,268.8,0,273,44,4,5,epifaunal,"stationary, unattached",suspension,hemerythrin,broadcaster,low Mg calcite,heavy carbonate load
Brachiopoda,Strophomenata,Productida,NO_FAMILY_SPECIFIED,Neoplicatifera,252.17,268.8,1,14,1,1,1,epifaunal,"stationary, attached",suspension,hemerythrin,broadcaster,low Mg calcite,heavy carbonate load
Brachiopoda,Strophomenata,Productida,NO_FAMILY_SPECIFIED,Parapulchratia,252.17,259.9,1,7,5,1,1,epifaunal,"stationary, attached",suspension,hemerythrin,broadcaster,low Mg calcite,heavy carbonate load
Brachiopoda,Strophomenata,Productida,NO_FAMILY_SPECIFIED,Pectenoproductus,252.17,254.17,1,8,8,1,1,epifaunal,"stationary, attached",suspension,hemerythrin,broadcaster,low Mg calcite,heavy carbonate load
Brachiopoda,Strophomenata,Productida,NO_FAMILY_SPECIFIED,Rugivestis,252.17,259.9,1,6,5,1,1,epifaunal,"stationary, attached",suspension,hemerythrin,broadcaster,low Mg calcite,heavy carbonate load
Brachiopoda,Strophomenata,Productida,NO_FAMILY_SPECIFIED,Spinomarginifera,251.3,268.8,0,626,342,21,14,epifaunal,"stationary, attached",suspension,hemerythrin,broadcaster,low Mg calcite,heavy carbonate load
Brachiopoda,Strophomenata,Productida,Paucispiniferidae,Anemonaria,252.17,268.8,1,45,1,1,1,epifaunal,"stationary, attached",suspension,hemerythrin,broadcaster,low Mg calcite,heavy carbonate load
Brachiopoda,Strophomenata,Productida,Paucispiniferidae,Caricula,252.17,254.17,1,1,1,1,1,epifaunal,"stationary, attached",suspension,hemerythrin,broadcaster,low Mg calcite,heavy carbonate load
Brachiopoda,Strophomenata,Productida,Paucispiniferidae,Caucasoproductus,252.17,259.9,1,8,6,1,2,epifaunal,"stationary, attached",suspension,hemerythrin,broadcaster,low Mg calcite,heavy carbonate load
Brachiopoda,Strophomenata,Productida,Paucispiniferidae,Lamnimargus,251.3,268.8,0,38,10,3,3,epifaunal,"stationary, attached",suspension,hemerythrin,broadcaster,low Mg calcite,heavy carbonate load
Brachiopoda,Strophomenata,Productida,Paucispiniferidae,Lampangella,251.3,254.17,0,6,4,1,2,epifaunal,"stationary, attached",suspension,hemerythrin,broadcaster,low Mg calcite,heavy carbonate load
Brachiopoda,Strophomenata,Productida,Paucispiniferidae,Retimarginifera,252.17,259.9,1,23,8,2,1,epifaunal,"stationary, attached",suspension,hemerythrin,broadcaster,low Mg calcite,heavy carbonate load
Brachiopoda,Strophomenata,Productida,Paucispiniferidae,Transennatia,252.17,268.8,1,210,38,5,6,epifaunal,"stationary, attached",suspension,hemerythrin,broadcaster,low Mg calcite,heavy carbonate load
Brachiopoda,Strophomenata,Productida,Permianellidae,Laterispina,252.17,254.17,1,6,6,1,1,epifaunal,"stationary, attached",suspension,hemerythrin,broadcaster,low Mg calcite,heavy carbonate load
Brachiopoda,Strophomenata,Productida,Permianellidae,Permianella,252.17,265.1,1,10,2,2,3,epifaunal,"stationary, attached",suspension,hemerythrin,broadcaster,low Mg calcite,heavy carbonate load
Brachiopoda,Strophomenata,Productida,Productidae,Bruntonia,252.17,265.1,1,35,1,1,1,epifaunal,"stationary, attached",suspension,hemerythrin,broadcaster,low Mg calcite,heavy carbonate load
Brachiopoda,Strophomenata,Productida,Productidae,Burovia,252.17,259.9,1,3,1,1,1,epifaunal,"stationary, attached",suspension,hemerythrin,broadcaster,low Mg calcite,heavy carbonate load
Brachiopoda,Strophomenata,Productida,Productidae,Costiferina,252.17,268.8,1,265,56,3,1,epifaunal,"stationary, attached",suspension,hemerythrin,broadcaster,low Mg calcite,heavy carbonate load
Brachiopoda,Strophomenata,Productida,Productidae,Horridonia,252.3,268.8,1,68,1,1,2,epifaunal,"stationary, attached",suspension,hemerythrin,broadcaster,low Mg calcite,heavy carbonate load
Brachiopoda,Strophomenata,Productida,Productidae,Thuleproductus,252.17,265.1,1,5,2,1,1,epifaunal,"stationary, attached",suspension,hemerythrin,broadcaster,low Mg calcite,heavy carbonate load
Brachiopoda,Strophomenata,Productida,Productidae,Tyloplecta,252.17,265.1,1,185,56,5,5,epifaunal,"stationary, attached",suspension,hemerythrin,broadcaster,low Mg calcite,heavy carbonate load
Brachiopoda,Strophomenata,Productida,Productidae,Yakovlevia,252.17,268.8,1,84,1,1,1,epifaunal,"stationary, attached",suspension,hemerythrin,broadcaster,low Mg calcite,heavy carbonate load
Brachiopoda,Strophomenata,Productida,Productinidae,Cathaysia,252.17,265.1,1,134,74,7,4,epifaunal,"stationary, attached",suspension,hemerythrin,broadcaster,low Mg calcite,heavy carbonate load
Brachiopoda,Strophomenata,Productida,Productinidae,Chonetella,252.17,265.1,1,101,18,2,4,epifaunal,"stationary, attached",suspension,hemerythrin,broadcaster,low Mg calcite,heavy carbonate load
Brachiopoda,Strophomenata,Productida,Productinidae,Huatangia,252.17,254.17,1,1,1,1,1,epifaunal,"stationary, attached",suspension,hemerythrin,broadcaster,low Mg calcite,heavy carbonate load
Brachiopoda,Strophomenata,Productida,Productinidae,Parachonetella,252.17,254.17,1,4,4,1,1,epifaunal,"stationary, attached",suspension,hemerythrin,broadcaster,low Mg calcite,heavy carbonate load
Brachiopoda,Strophomenata,Productida,Productinidae,Paryphella,251.3,259.9,0,165,118,9,2,epifaunal,"stationary, attached",suspension,hemerythrin,broadcaster,low Mg calcite,heavy carbonate load
Brachiopoda,Strophomenata,Productida,Productinidae,Tethysiella,252.17,265.1,1,7,6,1,1,epifaunal,"stationary, attached",suspension,hemerythrin,broadcaster,low Mg calcite,heavy carbonate load
Brachiopoda,Strophomenata,Productida,Richthofeniidae,Richthofenia,252.17,265.1,1,107,25,6,6,epifaunal,"stationary, attached",suspension,hemerythrin,broadcaster,low Mg calcite,heavy carbonate load
Brachiopoda,Strophomenata,Productida,Rugosochonetidae,Capillomesolobus,252.17,259.9,1,4,1,1,1,epifaunal,"stationary, attached",suspension,hemerythrin,broadcaster,low Mg calcite,heavy carbonate load
Brachiopoda,Strophomenata,Productida,Rugosochonetidae,Capillonia,252.17,259.9,1,53,2,1,1,epifaunal,"stationary, attached",suspension,hemerythrin,broadcaster,low Mg calcite,heavy carbonate load
Brachiopoda,Strophomenata,Productida,Rugosochonetidae,Chaohochonetes,252.17,254.17,1,5,5,1,2,epifaunal,"stationary, attached",suspension,hemerythrin,broadcaster,low Mg calcite,heavy carbonate load
Brachiopoda,Strophomenata,Productida,Rugosochonetidae,Chonetinella,252.17,268.8,1,28,6,4,4,epifaunal,"stationary, attached",suspension,hemerythrin,broadcaster,low Mg calcite,heavy carbonate load
Brachiopoda,Strophomenata,Productida,Rugosochonetidae,Fusichonetes,251.3,265.1,0,345,252,11,6,epifaunal,"stationary, attached",suspension,hemerythrin,broadcaster,low Mg calcite,heavy carbonate load
Brachiopoda,Strophomenata,Productida,Rugosochonetidae,Komiella,252.17,259.9,1,3,3,1,1,epifaunal,"stationary, attached",suspension,hemerythrin,broadcaster,low Mg calcite,heavy carbonate load
Brachiopoda,Strophomenata,Productida,Rugosochonetidae,Lissochonetes,251.3,265.1,0,32,13,3,2,epifaunal,"stationary, attached",suspension,hemerythrin,broadcaster,low Mg calcite,heavy carbonate load
Brachiopoda,Strophomenata,Productida,Rugosochonetidae,Neochonetes,251.3,268.8,0,259,174,14,5,epifaunal,"stationary, attached",suspension,hemerythrin,broadcaster,low Mg calcite,heavy carbonate load
Brachiopoda,Strophomenata,Productida,Rugosochonetidae,Nisalarinia,252.17,254.17,1,18,18,1,1,epifaunal,"stationary, attached",suspension,hemerythrin,broadcaster,low Mg calcite,heavy carbonate load
Brachiopoda,Strophomenata,Productida,Rugosochonetidae,Pygmochonetes,252.17,265.1,1,6,4,1,1,epifaunal,"stationary, attached",suspension,hemerythrin,broadcaster,low Mg calcite,heavy carbonate load
Brachiopoda,Strophomenata,Productida,Rugosochonetidae,Quinquenella,252.17,259.9,1,7,2,2,1,epifaunal,"stationary, attached",suspension,hemerythrin,broadcaster,low Mg calcite,heavy carbonate load
Brachiopoda,Strophomenata,Productida,Rugosochonetidae,Subtilichonetes,252.17,254.17,1,1,1,1,1,epifaunal,"stationary, attached",suspension,hemerythrin,broadcaster,low Mg calcite,heavy carbonate load
Brachiopoda,Strophomenata,Productida,Rugosochonetidae,Sulcirugaria,252.17,259.9,1,15,12,2,1,epifaunal,"stationary, attached",suspension,hemerythrin,broadcaster,low Mg calcite,heavy carbonate load
Brachiopoda,Strophomenata,Productida,Rugosochonetidae,Svalbardia,252.17,259.9,1,13,1,1,1,epifaunal,"stationary, attached",suspension,hemerythrin,broadcaster,low Mg calcite,heavy carbonate load
Brachiopoda,Strophomenata,Productida,Rugosochonetidae,Tenuichonetes,252.17,265.1,1,15,1,1,1,epifaunal,"stationary, attached",suspension,hemerythrin,broadcaster,low Mg calcite,heavy carbonate load
Brachiopoda,Strophomenata,Productida,Rugosochonetidae,Tethyochonetes,252.17,259.9,1,2,1,1,1,epifaunal,"stationary, attached",suspension,hemerythrin,broadcaster,low Mg calcite,heavy carbonate load
Brachiopoda,Strophomenata,Productida,Rugosochonetidae,Waagenites,251.3,268.8,0,83,10,4,1,epifaunal,"stationary, attached",suspension,hemerythrin,broadcaster,low Mg calcite,heavy carbonate load
Brachiopoda,Strophomenata,Productida,Scacchinellidae,Scacchinella,252.17,254.17,1,8,8,2,2,epifaunal,"stationary, attached",suspension,hemerythrin,broadcaster,low Mg calcite,heavy carbonate load
Brachiopoda,Strophomenata,Productida,Schrenkiellidae,Schrenkiella,252.17,254.17,1,5,5,2,1,epifaunal,"stationary, attached",suspension,hemerythrin,broadcaster,low Mg calcite,heavy carbonate load
Brachiopoda,Strophomenata,Productida,Schrenkiellidae,Striatospica,252.17,265.1,1,9,3,1,1,epifaunal,"stationary, attached",suspension,hemerythrin,broadcaster,low Mg calcite,heavy carbonate load
Brachiopoda,Strophomenata,Productida,Strophalosiidae,Biplatyconcha,252.17,265.1,1,40,28,1,1,epifaunal,"stationary, attached",suspension,hemerythrin,broadcaster,low Mg calcite,heavy carbonate load
Brachiopoda,Strophomenata,Productida,Strophalosiidae,Echinalosia,252.17,268.8,1,148,18,4,1,epifaunal,"stationary, attached",suspension,hemerythrin,broadcaster,low Mg calcite,heavy carbonate load
Brachiopoda,Strophomenata,Productida,Strophalosiidae,Licharewiella,252.17,259.9,1,3,1,1,1,epifaunal,"stationary, attached",suspension,hemerythrin,broadcaster,low Mg calcite,heavy carbonate load
Brachiopoda,Strophomenata,Productida,Strophalosiidae,Marginalosia,252.17,259.9,1,81,80,2,3,epifaunal,"stationary, attached",suspension,hemerythrin,broadcaster,low Mg calcite,heavy carbonate load
Brachiopoda,Strophomenata,Productida,Strophalosiidae,Orthothrix,252.17,259.9,1,14,4,1,1,epifaunal,"stationary, attached",suspension,hemerythrin,broadcaster,low Mg calcite,heavy carbonate load
Brachiopoda,Strophomenata,Productida,Strophalosiidae,Strophalosia,252.17,268.8,1,51,12,3,2,epifaunal,"stationary, attached",suspension,hemerythrin,broadcaster,low Mg calcite,heavy carbonate load
Brachiopoda,Strophomenata,Productida,Strophalosiidae,Wyndhamia,252.17,265.1,1,6,3,1,2,epifaunal,"stationary, attached",suspension,hemerythrin,broadcaster,low Mg calcite,heavy carbonate load
Brachiopoda,Strophomenata,Productida,Tschernyschewiidae,Tschernyschewia,252.17,268.8,1,112,44,6,5,epifaunal,"stationary, attached",suspension,hemerythrin,broadcaster,low Mg calcite,heavy carbonate load
Bryozoa,Stenolaemata,Cryptostomata,Hyphasmoporidae,Streblascopora,252.17,265.1,1,19,6,3,2,erect,"stationary, attached",suspension,hemerythrin,broadcaster,low Mg calcite,heavy carbonate load
Bryozoa,Stenolaemata,Cryptostomata,Hyphasmoporidae,Streblotrypa,252.17,268.8,1,9,3,3,1,erect,"stationary, attached",suspension,hemerythrin,broadcaster,low Mg calcite,heavy carbonate load
Bryozoa,Stenolaemata,Cryptostomida,Girtyporidae,Girtyporina,252.17,265.1,1,21,7,2,1,erect,"stationary, attached",suspension,hemerythrin,broadcaster,low Mg calcite,heavy carbonate load
Bryozoa,Stenolaemata,Cryptostomida,Girtyporidae,Hayasakapora,252.17,265.1,1,20,2,1,1,erect,"stationary, attached",suspension,hemerythrin,broadcaster,low Mg calcite,heavy carbonate load
Bryozoa,Stenolaemata,Cyclostomata,Corynotrypidae,Corynotrypa,252.3,259.9,1,3,1,1,1,epifaunal,"stationary, attached",suspension,hemerythrin,broadcaster,low Mg calcite,heavy carbonate load
Bryozoa,Stenolaemata,Cystoporida,Fistuliporidae,Dybowskiella,252.17,259.9,1,16,2,2,2,epifaunal,"stationary, attached",suspension,hemerythrin,broadcaster,low Mg calcite,heavy carbonate load
Bryozoa,Stenolaemata,Cystoporida,Fistuliporidae,Eridopora,252.17,265.1,1,21,7,1,1,epifaunal,"stationary, attached",suspension,hemerythrin,broadcaster,low Mg calcite,heavy carbonate load
Bryozoa,Stenolaemata,Cystoporida,Fistuliporidae,Fistulipora,252.17,268.8,1,107,13,7,3,erect,"stationary, attached",suspension,hemerythrin,broadcaster,low Mg calcite,heavy carbonate load
Bryozoa,Stenolaemata,Cystoporida,Fistuliporidae,Fistuliramus,252.17,265.1,1,9,4,2,1,epifaunal,"stationary, attached",suspension,hemerythrin,broadcaster,low Mg calcite,heavy carbonate load
Bryozoa,Stenolaemata,Cystoporida,Fistuliporidae,Fistulotrypa,252.17,259.9,1,4,2,1,1,epifaunal,"stationary, attached",suspension,hemerythrin,broadcaster,low Mg calcite,heavy carbonate load
Bryozoa,Stenolaemata,Cystoporida,Hexagonellidae,Hexagonella,252.17,265.1,1,25,3,1,2,epifaunal,"stationary, attached",suspension,hemerythrin,broadcaster,low Mg calcite,heavy carbonate load
Bryozoa,Stenolaemata,Cystoporida,Hexagonellidae,Meekopora,252.17,268.8,1,12,5,3,1,epifaunal,"stationary, attached",suspension,hemerythrin,broadcaster,low Mg calcite,heavy carbonate load
Bryozoa,Stenolaemata,Fenestrida,Acanthocladiidae,Acanthocladia,252.17,268.8,1,74,2,2,2,erect,"stationary, attached",suspension,hemerythrin,broadcaster,low Mg calcite,heavy carbonate load
Bryozoa,Stenolaemata,Fenestrida,Acanthocladiidae,Penniretepora,252.3,265.1,1,11,1,1,1,erect,"stationary, attached",suspension,hemerythrin,broadcaster,low Mg calcite,heavy carbonate load
Bryozoa,Stenolaemata,Fenestrida,Acanthocladiidae,Synocladia,252.3,259.9,1,52,1,1,2,erect,"stationary, attached",suspension,hemerythrin,broadcaster,low Mg calcite,heavy carbonate load
Bryozoa,Stenolaemata,Fenestrida,Fenestellidae,Alternifenestella,252.17,265.1,1,10,1,1,1,erect,"stationary, attached",suspension,hemerythrin,broadcaster,low Mg calcite,heavy carbonate load
Bryozoa,Stenolaemata,Fenestrida,Fenestellidae,Fabifenestella,252.17,265.1,1,9,2,1,1,erect,"stationary, attached",suspension,hemerythrin,broadcaster,low Mg calcite,heavy carbonate load
Bryozoa,Stenolaemata,Fenestrida,Fenestellidae,Fenestella,252.17,268.8,1,27,5,3,3,erect,"stationary, attached",suspension,hemerythrin,broadcaster,low Mg calcite,heavy carbonate load
Bryozoa,Stenolaemata,Fenestrida,Fenestellidae,Hinganotrypa,252.17,265.1,1,5,1,1,1,erect,"stationary, attached",suspension,hemerythrin,broadcaster,low Mg calcite,heavy carbonate load
Bryozoa,Stenolaemata,Fenestrida,Fenestellidae,Rectifenestella,252.17,265.1,1,61,4,4,2,erect,"stationary, attached",suspension,hemerythrin,broadcaster,low Mg calcite,heavy carbonate load
Bryozoa,Stenolaemata,Fenestrida,Polyporidae,Mackinneyella,252.17,265.1,1,10,1,1,1,erect,"stationary, attached",suspension,hemerythrin,broadcaster,low Mg calcite,heavy carbonate load
Bryozoa,Stenolaemata,Fenestrida,Polyporidae,Polypora,252.17,268.8,1,82,10,5,4,erect,"stationary, attached",suspension,hemerythrin,broadcaster,low Mg calcite,heavy carbonate load
Bryozoa,Stenolaemata,Fenestrida,Polyporidae,Protoretepora,252.17,268.8,1,7,1,1,1,erect,"stationary, attached",suspension,hemerythrin,broadcaster,low Mg calcite,heavy carbonate load
Bryozoa,Stenolaemata,Rhabdomesida,Maychellidae,Maychella,252.17,265.1,1,9,2,2,1,erect,"stationary, attached",suspension,hemerythrin,broadcaster,low Mg calcite,heavy carbonate load
Bryozoa,Stenolaemata,Rhabdomesida,Rhabdomesidae,Rhabdomeson,252.17,265.1,1,17,4,1,1,erect,"stationary, attached",suspension,hemerythrin,broadcaster,low Mg calcite,heavy carbonate load
Bryozoa,Stenolaemata,Rhabdomesida,Rhomboporidae,Rhombopora,252.17,265.1,1,4,1,1,1,erect,"stationary, attached",suspension,hemerythrin,broadcaster,low Mg calcite,heavy carbonate load
Bryozoa,Stenolaemata,Trepostomida,Araxoporidae,Paralioclema,215.56,265.1,0,18,0,0,0,erect,"stationary, attached",suspension,hemerythrin,broadcaster,low Mg calcite,heavy carbonate load
Bryozoa,Stenolaemata,Trepostomida,Dyscritellidae,Dyscritella,201.3,265.1,0,108,6,5,2,erect,"stationary, attached",suspension,hemerythrin,broadcaster,low Mg calcite,heavy carbonate load
Bryozoa,Stenolaemata,Trepostomida,Dyscritellidae,Dyscritellina,252.17,265.1,1,13,1,1,1,erect,"stationary, attached",suspension,hemerythrin,broadcaster,low Mg calcite,heavy carbonate load
Bryozoa,Stenolaemata,Trepostomida,Dyscritellidae,Pseudobatostomella,237,268.8,0,29,5,2,1,erect,"stationary, attached",suspension,hemerythrin,broadcaster,low Mg calcite,heavy carbonate load
Bryozoa,Stenolaemata,Trepostomida,Stenoporidae,Arcticopora,201.3,259.9,0,49,2,1,1,erect,"stationary, attached",suspension,hemerythrin,broadcaster,low Mg calcite,heavy carbonate load
Bryozoa,Stenolaemata,Trepostomida,Stenoporidae,Stenodiscus,252.17,268.8,1,19,3,2,2,erect,"stationary, attached",suspension,hemerythrin,broadcaster,low Mg calcite,heavy carbonate load
Bryozoa,Stenolaemata,Trepostomida,Stenoporidae,Stenopora,252.17,268.8,1,33,3,3,3,erect,"stationary, attached",suspension,hemerythrin,broadcaster,low Mg calcite,heavy carbonate load
Chordata,Conodonta,Conodontophorida,NO_FAMILY_SPECIFIED,Isarcicella,251.3,254.17,0,48,0,0,0,pelagic,"fast, motile",predator,hemoglobin,intermediate,soft-bodied,little or no carbonate load
Chordata,Conodonta,Conodontophorida,NO_FAMILY_SPECIFIED,Xaniognathus,251.3,254.17,0,2,1,1,1,pelagic,"fast, motile",predator,hemoglobin,intermediate,soft-bodied,little or no carbonate load
Chordata,Conodonta,NO_ORDER_SPECIFIED,NO_FAMILY_SPECIFIED,Ellisonia,242,254.17,0,26,1,1,2,pelagic,"fast, motile",predator,hemoglobin,intermediate,soft-bodied,little or no carbonate load
Chordata,Conodonta,Ozarkodinida,Ellisoniidae,Stepanovites,252.17,259.9,1,3,1,1,1,pelagic,"fast, motile",predator,hemoglobin,intermediate,soft-bodied,little or no carbonate load
Chordata,Conodonta,Ozarkodinida,NO_FAMILY_SPECIFIED,Clarkina,247.2,265.1,0,81,40,9,3,pelagic,"fast, motile",predator,hemoglobin,intermediate,soft-bodied,little or no carbonate load
Chordata,Conodonta,Ozarkodinida,NO_FAMILY_SPECIFIED,Gondolella,221.5,259.9,0,220,0,0,0,pelagic,"fast, motile",predator,hemoglobin,intermediate,soft-bodied,little or no carbonate load
Chordata,Conodonta,Ozarkodinida,NO_FAMILY_SPECIFIED,Hindeodus,242,265.1,0,195,51,12,5,pelagic,"fast, motile",predator,hemoglobin,intermediate,soft-bodied,little or no carbonate load
Chordata,Conodonta,Ozarkodinida,NO_FAMILY_SPECIFIED,Neogondolella,235,254.17,0,147,2,1,3,pelagic,"fast, motile",predator,hemoglobin,intermediate,soft-bodied,little or no carbonate load
Cnidaria,Anthozoa,Auloporida,Trachypsammiidae,Starostinella,252.17,254.17,1,1,1,1,1,epifaunal,"stationary, attached",suspension,hemocyanin,broadcaster,low Mg calcite,heavy carbonate load
Cnidaria,Anthozoa,Favositida,Micheliniidae,Michelinia,252.17,265.1,1,26,13,6,4,epifaunal,"stationary, attached",suspension,hemocyanin,broadcaster,low Mg calcite,heavy carbonate load
Cnidaria,Anthozoa,Favositida,Micheliniidae,Protomichelinia,252.17,268.8,1,9,1,1,1,epifaunal,"stationary, attached",suspension,hemocyanin,broadcaster,low Mg calcite,heavy carbonate load
Cnidaria,Anthozoa,Favositida,Pachyporidae,Gertholites,252.17,265.1,1,10,2,1,1,epifaunal,"stationary, attached",suspension,hemocyanin,broadcaster,low Mg calcite,heavy carbonate load
Cnidaria,Anthozoa,Favositida,Pachyporidae,Thamnopora,252.17,254.17,1,1,1,1,1,epifaunal,"stationary, attached",suspension,hemocyanin,broadcaster,low Mg calcite,heavy carbonate load
Cnidaria,Anthozoa,Favositida,Pseudofavositidae,Pseudofavosites,252.17,259.9,1,3,2,2,2,epifaunal,"stationary, attached",suspension,hemocyanin,broadcaster,low Mg calcite,heavy carbonate load
Cnidaria,Anthozoa,Stauriida,Antiphyllidae,Lytvolasma,252.17,268.8,1,7,1,1,1,epifaunal,"stationary, attached",suspension,hemocyanin,broadcaster,low Mg calcite,heavy carbonate load
Cnidaria,Anthozoa,Stauriida,Lophophyllidiidae,Lophocarinophyllum,252.17,265.1,1,23,1,1,1,epifaunal,"stationary, attached",suspension,hemocyanin,broadcaster,low Mg calcite,heavy carbonate load
Cnidaria,Anthozoa,Stauriida,Lophophyllidiidae,Lophophyllidium,252.17,265.1,1,33,16,7,2,epifaunal,"stationary, attached",suspension,hemocyanin,broadcaster,low Mg calcite,heavy carbonate load
Cnidaria,Anthozoa,Stauriida,Metriophyllidae,Asserculinia,252.17,254.17,1,7,7,3,1,epifaunal,"stationary, attached",suspension,hemocyanin,broadcaster,low Mg calcite,heavy carbonate load
Cnidaria,Anthozoa,Stauriida,Pentaphyllidae,Pentaphyllum,252.17,265.1,1,121,43,5,3,epifaunal,"stationary, attached",suspension,hemocyanin,broadcaster,low Mg calcite,heavy carbonate load
Cnidaria,Anthozoa,Stauriida,Pentaphyllidae,Tachylasma,252.17,268.8,1,14,2,2,1,epifaunal,"stationary, attached",suspension,hemocyanin,broadcaster,low Mg calcite,heavy carbonate load
Cnidaria,Anthozoa,Stauriida,Plerophyllidae,Paracaninia,252.17,268.8,1,8,3,1,1,epifaunal,"stationary, attached",suspension,hemocyanin,broadcaster,low Mg calcite,heavy carbonate load
Cnidaria,Anthozoa,Stauriida,Plerophyllidae,Plerophyllum,252.17,265.1,1,6,1,1,3,epifaunal,"stationary, attached",suspension,hemocyanin,broadcaster,low Mg calcite,heavy carbonate load
Cnidaria,Anthozoa,Stauriida,Plerophyllidae,Ufimia,252.17,265.1,1,37,22,1,2,epifaunal,"stationary, attached",suspension,hemocyanin,broadcaster,low Mg calcite,heavy carbonate load
Cnidaria,Anthozoa,Stauriida,Polycoeliidae,Calophyllum,252.17,268.8,1,33,2,1,3,epifaunal,"stationary, attached",suspension,hemocyanin,broadcaster,low Mg calcite,heavy carbonate load
Cnidaria,Anthozoa,Stauriida,Polycoeliidae,Fedorowskites,252.17,259.9,1,3,1,1,1,epifaunal,"stationary, attached",suspension,hemocyanin,broadcaster,low Mg calcite,heavy carbonate load
Cnidaria,Anthozoa,Stauriida,Polycoeliidae,Gerthia,252.17,254.17,1,2,2,2,1,epifaunal,"stationary, attached",suspension,hemocyanin,broadcaster,low Mg calcite,heavy carbonate load
Cnidaria,Anthozoa,Stauriida,Polycoeliidae,Hexalasma,252.17,254.17,1,1,1,1,1,epifaunal,"stationary, attached",suspension,hemocyanin,broadcaster,low Mg calcite,heavy carbonate load
Cnidaria,Anthozoa,Stauriida,Polycoeliidae,Soshkineophyllum,252.17,268.8,1,5,1,1,1,epifaunal,"stationary, attached",suspension,hemocyanin,broadcaster,low Mg calcite,heavy carbonate load
Cnidaria,Anthozoa,Stauriida,Timorphyllidae,Timorocarinophyllum,252.17,254.17,1,1,1,1,1,epifaunal,"stationary, attached",suspension,hemocyanin,broadcaster,low Mg calcite,heavy carbonate load
Cnidaria,Anthozoa,Stauriida,Verbeekiellidae,Verbeekiella,252.17,268.8,1,10,1,1,1,epifaunal,"stationary, attached",suspension,hemocyanin,broadcaster,low Mg calcite,heavy carbonate load
Cnidaria,Anthozoa,Stauriida,Waagenophyllidae,Gyanyimaphyllum,252.17,254.17,1,1,1,1,1,epifaunal,"stationary, attached",suspension,hemocyanin,broadcaster,low Mg calcite,heavy carbonate load
Cnidaria,Anthozoa,Stauriida,Waagenophyllidae,Ipciphyllum,252.17,265.1,1,19,3,3,1,epifaunal,"stationary, attached",suspension,hemocyanin,broadcaster,low Mg calcite,heavy carbonate load
Cnidaria,Anthozoa,Stauriida,Waagenophyllidae,Iranophyllum,252.17,268.8,1,11,7,2,1,epifaunal,"stationary, attached",suspension,hemocyanin,broadcaster,low Mg calcite,heavy carbonate load
Cnidaria,Anthozoa,Stauriida,Waagenophyllidae,Liangshanophyllum,252.17,265.1,1,8,1,1,1,epifaunal,"stationary, attached",suspension,hemocyanin,broadcaster,low Mg calcite,heavy carbonate load
Cnidaria,Anthozoa,Stauriida,Waagenophyllidae,Pseudohuangia,252.17,268.8,1,9,4,2,1,epifaunal,"stationary, attached",suspension,hemocyanin,broadcaster,low Mg calcite,heavy carbonate load
Cnidaria,Anthozoa,Stauriida,Waagenophyllidae,Waagenophyllum,252.17,272.3,1,154,67,29,6,epifaunal,"stationary, attached",suspension,hemocyanin,broadcaster,low Mg calcite,heavy carbonate load
Cnidaria,Anthozoa,Stauriida,Waagenophyllidae,Wentzelella,252.17,268.8,1,16,1,1,1,epifaunal,"stationary, attached",suspension,hemocyanin,broadcaster,low Mg calcite,heavy carbonate load
Cnidaria,Anthozoa,Stauriida,Waagenophyllidae,Wentzelellites,252.17,272.3,1,5,1,1,1,epifaunal,"stationary, attached",suspension,hemocyanin,broadcaster,low Mg calcite,heavy carbonate load
Cnidaria,Scyphozoa,Conulariida,Conulariidae,Paraconularia,201.6,259.9,0,20,7,3,4,epifaunal,"stationary, attached",suspension,hemocyanin,broadcaster,phosphatic,little or no carbonate load
Echinodermata,Crinoidea,Cyathocrinida,Cyathocrinitidae,Cyathocrinites,252.17,259.9,1,22,1,1,1,erect,"stationary, attached",suspension,other,broadcaster,high Mg calcite,heavy carbonate load
Echinodermata,Echinoidea,Cidaroida,Miocidaridae,Eotiaris,252.17,265.1,1,16,2,1,1,epifaunal,"slow, motile",grazer,other,intermediate,high Mg calcite,moderate carbonate load
Echinodermata,Echinoidea,Cidaroida,Miocidaridae,Permocidaris,242,259.9,0,7,0,0,0,epifaunal,"slow, motile",grazer,other,intermediate,high Mg calcite,moderate carbonate load
Echinodermata,Echinoidea,Echinocystitoida,Echinocystitidae,Pronechinus,252.17,254.17,1,1,1,1,1,epifaunal,"slow, motile",grazer,other,intermediate,high Mg calcite,moderate carbonate load
Echinodermata,Echinoidea,NO_ORDER_SPECIFIED,Archaeocidaridae,Archaeocidaris,252.17,265.1,1,2,1,1,1,epifaunal,"slow, motile",grazer,other,intermediate,high Mg calcite,moderate carbonate load
Echinodermata,Holothuroidea,Apodida,Achistridae,Achistrum,182.7,265.1,0,30,0,0,0,epifaunal,"facultative, attached",surface deposit,other,intermediate,high Mg calcite,little or no carbonate load
Echinodermata,Holothuroidea,Apodida,Chiridotidae,Theelia,182,259.9,0,121,1,1,1,epifaunal,"facultative, attached",surface deposit,other,intermediate,high Mg calcite,little or no carbonate load
Echinodermata,Holothuroidea,Apodida,Myriotrochidae,Thalattocanthus,242,265.1,0,2,0,0,0,epifaunal,"facultative, attached",surface deposit,other,intermediate,high Mg calcite,little or no carbonate load
Echinodermata,Holothuroidea,Dendrochirotida,Calclamnidae,Calclamnella,201.3,259.9,0,8,0,0,0,epifaunal,"facultative, attached",suspension,other,intermediate,high Mg calcite,little or no carbonate load
Echinodermata,Holothuroidea,Dendrochirotida,Calclamnidae,Eocaudina,174.1,265.1,0,39,0,0,0,epifaunal,"facultative, attached",suspension,other,intermediate,high Mg calcite,little or no carbonate load
Echinodermata,Holothuroidea,NO_ORDER_SPECIFIED,Priscopedatidae,Priscopedatus,174.1,265.1,0,52,0,0,0,semi-infaunal,"facultative, attached",surface deposit,other,intermediate,high Mg calcite,little or no carbonate load
Echinodermata,Holothuroidea,NO_ORDER_SPECIFIED,Punctatitidae,Punctatites,174.1,259.9,0,20,0,0,0,epifaunal,"facultative, attached",surface deposit,other,intermediate,high Mg calcite,little or no carbonate load
Echinodermata,Ophiocistioidea,NO_ORDER_SPECIFIED,Linguaserridae,Linguaserra,228,259.9,0,2,0,0,0,epifaunal,"facultative, attached",surface deposit,other,broadcaster,high Mg calcite,heavy carbonate load
Echinodermata,Ophiocistioidea,NO_ORDER_SPECIFIED,Rotasacciidae,Protocaudina,208.5,265.1,0,3,0,0,0,epifaunal,"facultative, attached",surface deposit,other,broadcaster,high Mg calcite,heavy carbonate load
Echinodermata,Ophiuroidea,Ophiurida,Ophiodermatidae,Ophioderma,183,254.17,0,6,1,1,1,epifaunal,"slow, motile",surface deposit,other,broadcaster,high Mg calcite,heavy carbonate load
Echinodermata,Ophiuroidea,Ophiurida,Ophiuridae,Huangzhishania,247.2,254.17,0,5,1,1,1,epifaunal,"slow, motile",surface deposit,other,broadcaster,high Mg calcite,heavy carbonate load
Mollusca,Bivalvia,Arcida,Parallelodontidae,Grammatodon,174.1,265.1,0,177,3,1,1,semi-infaunal,"facultative, attached",suspension,hemocyanin,broadcaster,aragonite,moderate carbonate load
Mollusca,Bivalvia,Arcida,Parallelodontidae,Parallelodon,163.5,265.1,0,307,13,9,4,semi-infaunal,"facultative, attached",suspension,hemocyanin,broadcaster,aragonite,moderate carbonate load
Mollusca,Bivalvia,Cardiida,Kalenteridae,Myoconcha,174.1,265.1,0,102,0,0,0,semi-infaunal,"stationary, attached",suspension,hemocyanin,broadcaster,aragonite,moderate carbonate load
Mollusca,Bivalvia,Cardiida,Kalenteridae,Netschajewia,235,259.9,0,14,4,3,1,semi-infaunal,"stationary, attached",suspension,hemocyanin,broadcaster,aragonite,moderate carbonate load
Mollusca,Bivalvia,Cardiida,Kalenteridae,Permophorus,201.3,265.1,0,154,6,6,6,semi-infaunal,"stationary, attached",suspension,hemocyanin,broadcaster,aragonite,moderate carbonate load
Mollusca,Bivalvia,Cardiida,Kalenteridae,Pleurophorus,247.2,259.9,0,2,1,1,1,semi-infaunal,"stationary, attached",suspension,hemocyanin,broadcaster,aragonite,moderate carbonate load
Mollusca,Bivalvia,Cardiida,Kalenteridae,Pseudopermophorus,252.17,259.9,1,10,1,1,1,semi-infaunal,"stationary, attached",suspension,hemocyanin,broadcaster,aragonite,moderate carbonate load
Mollusca,Bivalvia,Cardiida,Kalenteridae,Stutchburia,252.17,265.1,1,62,6,4,4,semi-infaunal,"stationary, attached",suspension,hemocyanin,broadcaster,aragonite,moderate carbonate load
Mollusca,Bivalvia,Cardiida,Opokiellidae,Kidodia,252.17,265.1,1,1,1,1,1,semi-infaunal,"stationary, attached",suspension,hemocyanin,broadcaster,aragonite,moderate carbonate load
Mollusca,Bivalvia,Carditida,Astartidae,Astartella,251.3,265.1,0,93,27,7,3,shallow infaunal,"slow, motile",suspension,hemocyanin,broadcaster,aragonite,moderate carbonate load
Mollusca,Bivalvia,Carditida,Astartidae,Astartellopsis,242,268.8,0,6,0,0,0,shallow infaunal,"slow, motile",suspension,hemocyanin,broadcaster,aragonite,moderate carbonate load
Mollusca,Bivalvia,Carditida,Carditidae,Gujocardita,251.3,265.1,0,28,8,2,3,shallow infaunal,"facultative, attached",suspension,hemocyanin,broadcaster,aragonite,moderate carbonate load
Mollusca,Bivalvia,Myalinida,Atomodesmatidae,Atomodesma,247.2,272.3,0,43,10,6,3,epifaunal,"stationary, attached",suspension,hemocyanin,broadcaster,aragonite,moderate carbonate load
Mollusca,Bivalvia,Myalinida,Atomodesmatidae,Evenia,252.17,265.1,1,11,1,1,1,epifaunal,"stationary, attached",suspension,hemocyanin,broadcaster,aragonite,moderate carbonate load
Mollusca,Bivalvia,Myalinida,Atomodesmatidae,Intomodesma,252.17,272.3,1,29,14,6,3,epifaunal,"stationary, attached",suspension,hemocyanin,broadcaster,aragonite,moderate carbonate load
Mollusca,Bivalvia,Myalinida,Atomodesmatidae,Maitaia,247.2,265.1,0,43,3,3,2,epifaunal,"stationary, attached",suspension,hemocyanin,broadcaster,aragonite,moderate carbonate load
Mollusca,Bivalvia,Myalinida,Atomodesmatidae,Trabeculatia,252.17,259.9,1,14,7,1,2,epifaunal,"stationary, attached",suspension,hemocyanin,broadcaster,aragonite,moderate carbonate load
Mollusca,Bivalvia,Myalinida,Myalinidae,Liebea,252.17,268.8,1,98,6,3,2,epifaunal,"stationary, attached",suspension,hemocyanin,broadcaster,aragonite,moderate carbonate load
Mollusca,Bivalvia,Myalinida,Myalinidae,Myalina,232,265.1,0,37,7,3,3,epifaunal,"stationary, attached",suspension,hemocyanin,broadcaster,aragonite,moderate carbonate load
Mollusca,Bivalvia,Myalinida,Myalinidae,Myalinella,247.2,265.1,0,33,4,3,3,semi-infaunal,"stationary, attached",suspension,hemocyanin,broadcaster,aragonite,moderate carbonate load
Mollusca,Bivalvia,Myalinida,Myalinidae,Promyalina,247.2,259.9,0,253,4,2,2,epifaunal,"stationary, attached",suspension,hemocyanin,broadcaster,aragonite,moderate carbonate load
Mollusca,Bivalvia,Mytilida,Mytilidae,Lithophaga,228,259.9,0,2,0,0,0,semi-infaunal,"stationary, attached",suspension,hemocyanin,broadcaster,bimineralic,moderate carbonate load
Mollusca,Bivalvia,Mytilida,Mytilidae,Modiolus,163.5,265.1,0,353,1,1,1,semi-infaunal,"stationary, attached",suspension,hemocyanin,broadcaster,bimineralic,moderate carbonate load
Mollusca,Bivalvia,Mytilida,Mytilidae,Promytilus,247.2,265.1,0,11,3,2,1,semi-infaunal,"stationary, attached",suspension,hemocyanin,broadcaster,bimineralic,moderate carbonate load
Mollusca,Bivalvia,Mytilida,NO_FAMILY_SPECIFIED,Lithodomina,252.17,259.9,1,8,3,2,1,semi-infaunal,"stationary, attached",suspension,hemocyanin,broadcaster,bimineralic,moderate carbonate load
Mollusca,Bivalvia,NO_ORDER_SPECIFIED,Grammysiidae,Cardiomorpha,228,265.1,0,6,0,0,0,shallow infaunal,"facultative, unattached",suspension,hemocyanin,broadcaster,aragonite,moderate carbonate load
Mollusca,Bivalvia,NO_ORDER_SPECIFIED,Grammysiidae,Solenomorpha,228,265.1,0,12,0,0,0,shallow infaunal,"facultative, unattached",suspension,hemocyanin,broadcaster,aragonite,moderate carbonate load
Mollusca,Bivalvia,NO_ORDER_SPECIFIED,Sanguinolitidae,Dyasmya,252.17,265.1,1,15,1,1,1,deep infaunal,"facultative, unattached",suspension,hemocyanin,broadcaster,aragonite,moderate carbonate load
Mollusca,Bivalvia,NO_ORDER_SPECIFIED,Sanguinolitidae,Praeundulomya,252.17,254.17,1,1,1,1,1,deep infaunal,"facultative, unattached",suspension,hemocyanin,broadcaster,aragonite,moderate carbonate load
Mollusca,Bivalvia,NO_ORDER_SPECIFIED,Sanguinolitidae,Sanguinolites,252.17,259.9,1,3,1,1,3,deep infaunal,"facultative, unattached",suspension,hemocyanin,broadcaster,aragonite,moderate carbonate load
Mollusca,Bivalvia,NO_ORDER_SPECIFIED,Sanguinolitidae,Wilkingia,252.17,265.1,1,31,12,6,3,deep infaunal,"facultative, unattached",suspension,hemocyanin,broadcaster,aragonite,moderate carbonate load
Mollusca,Bivalvia,Nuculanida,Malletiidae,Nuculites,252.17,259.9,1,2,2,2,1,shallow infaunal,"slow, motile",miner,hemocyanin,intermediate,aragonite,moderate carbonate load
Mollusca,Bivalvia,Nuculanida,Malletiidae,Palaeoneilo,174.1,268.8,0,292,12,5,3,shallow infaunal,"slow, motile",miner,hemocyanin,intermediate,aragonite,moderate carbonate load
Mollusca,Bivalvia,Nuculanida,Neilonellidae,Austrotindaria,201.3,254.17,0,362,1,1,1,shallow infaunal,"slow, motile",miner,hemocyanin,intermediate,aragonite,moderate carbonate load
Mollusca,Bivalvia,Nuculanida,Nuculanidae,Glyptoleda,237,265.1,0,30,0,0,0,shallow infaunal,"slow, motile",miner,hemocyanin,intermediate,aragonite,moderate carbonate load
Mollusca,Bivalvia,Nuculanida,Nuculanidae,Phestia,252.17,265.1,1,40,7,4,4,shallow infaunal,"slow, motile",miner,hemocyanin,intermediate,aragonite,moderate carbonate load
Mollusca,Bivalvia,Nuculanida,Nuculanidae,Polidevcia,252.17,265.1,1,26,3,2,2,shallow infaunal,"slow, motile",miner,hemocyanin,intermediate,aragonite,moderate carbonate load
Mollusca,Bivalvia,Nuculida,Nuculidae,Nuculavus,252.17,254.17,1,5,5,1,1,shallow infaunal,"slow, motile",miner,hemocyanin,intermediate,aragonite,moderate carbonate load
Mollusca,Bivalvia,Nuculida,Nuculidae,Nuculopsis,251.3,268.8,0,69,28,9,6,shallow infaunal,"slow, motile",miner,hemocyanin,intermediate,aragonite,moderate carbonate load
Mollusca,Bivalvia,Nuculida,Nuculidae,Palaeonucula,170.3,254.17,0,166,2,1,1,shallow infaunal,"slow, motile",miner,hemocyanin,intermediate,aragonite,moderate carbonate load
Mollusca,Bivalvia,Ostreida,Bakevelliidae,Bakevellia,174.1,265.1,0,652,15,5,4,semi-infaunal,"stationary, attached",suspension,hemocyanin,broadcaster,bimineralic,moderate carbonate load
Mollusca,Bivalvia,Ostreida,Bakevelliidae,Gervillia,170.3,265.1,0,239,0,0,0,semi-infaunal,"stationary, attached",suspension,hemocyanin,broadcaster,bimineralic,moderate carbonate load
Mollusca,Bivalvia,Ostreida,Bakevelliidae,Permoperna,252.17,265.1,1,26,15,1,2,semi-infaunal,"stationary, attached",suspension,hemocyanin,broadcaster,bimineralic,moderate carbonate load
Mollusca,Bivalvia,Ostreida,Bakevelliidae,Towapteria,247.2,259.9,0,78,14,4,2,semi-infaunal,"stationary, attached",suspension,hemocyanin,broadcaster,bimineralic,moderate carbonate load
Mollusca,Bivalvia,Ostreida,Malleidae,Tambanella,252.17,259.9,1,18,11,6,2,semi-infaunal,"stationary, attached",suspension,hemocyanin,broadcaster,bimineralic,moderate carbonate load
Mollusca,Bivalvia,Ostreida,Pinnidae,Meekopinna,252.17,259.9,1,2,2,1,1,shallow infaunal,"stationary, attached",suspension,hemocyanin,broadcaster,bimineralic,moderate carbonate load
Mollusca,Bivalvia,Ostreida,Posidoniidae,Peribositra,252.17,254.17,1,2,2,1,1,epifaunal,"stationary, attached",suspension,hemocyanin,broadcaster,low Mg calcite,moderate carbonate load
Mollusca,Bivalvia,Ostreida,Pteriidae,Avicula,189.6,254.17,0,124,2,2,1,epifaunal,"stationary, attached",suspension,hemocyanin,broadcaster,bimineralic,moderate carbonate load
Mollusca,Bivalvia,Ostreida,Pteriidae,Pteria,183,254.17,0,241,6,1,1,epifaunal,"stationary, attached",suspension,hemocyanin,broadcaster,bimineralic,moderate carbonate load
Mollusca,Bivalvia,Ostreida,Pterineidae,Leptodesma,252.17,265.1,1,25,5,4,3,semi-infaunal,"stationary, attached",suspension,hemocyanin,broadcaster,bimineralic,moderate carbonate load
Mollusca,Bivalvia,Pectinida,Annuliconchidae,Annuliconcha,252.17,254.17,1,1,1,1,1,epifaunal,"stationary, attached",suspension,hemocyanin,broadcaster,bimineralic,moderate carbonate load
Mollusca,Bivalvia,Pectinida,Aviculopectinidae,Aviculopecten,252.17,268.8,1,82,33,21,7,epifaunal,"stationary, attached",suspension,hemocyanin,broadcaster,bimineralic,moderate carbonate load
Mollusca,Bivalvia,Pectinida,Aviculopectinidae,Clavicosta,252.17,268.8,1,2,1,1,1,epifaunal,"stationary, attached",suspension,hemocyanin,broadcaster,bimineralic,moderate carbonate load
Mollusca,Bivalvia,Pectinida,Aviculopectinidae,Limipecten,252.17,259.9,1,3,2,1,1,epifaunal,"stationary, attached",suspension,hemocyanin,broadcaster,bimineralic,moderate carbonate load
Mollusca,Bivalvia,Pectinida,Aviculopectinidae,Paradoxipecten,252.17,265.1,1,30,16,7,2,epifaunal,"stationary, attached",suspension,hemocyanin,broadcaster,bimineralic,moderate carbonate load
Mollusca,Bivalvia,Pectinida,Deltopectinidae,Cyrtorostra,251.3,268.8,0,64,18,3,3,epifaunal,"stationary, attached",suspension,hemocyanin,broadcaster,bimineralic,moderate carbonate load
Mollusca,Bivalvia,Pectinida,Deltopectinidae,Deltopecten,252.17,265.1,1,4,2,1,1,epifaunal,"stationary, attached",suspension,hemocyanin,broadcaster,bimineralic,moderate carbonate load
Mollusca,Bivalvia,Pectinida,Deltopectinidae,Streblopteria,252.17,265.1,1,32,2,1,2,epifaunal,"stationary, attached",suspension,hemocyanin,broadcaster,bimineralic,moderate carbonate load
Mollusca,Bivalvia,Pectinida,Dolponellidae,Dolponella,252.17,254.17,1,9,9,1,1,epifaunal,"stationary, attached",suspension,hemocyanin,broadcaster,bimineralic,moderate carbonate load
Mollusca,Bivalvia,Pectinida,Entoliidae,Pernopecten,251.3,265.1,0,69,34,6,4,epifaunal,"stationary, attached",suspension,hemocyanin,broadcaster,bimineralic,moderate carbonate load
Mollusca,Bivalvia,Pectinida,Euchondriidae,Euchondria,252.17,265.1,1,44,20,9,2,epifaunal,"stationary, attached",suspension,hemocyanin,broadcaster,bimineralic,moderate carbonate load
Mollusca,Bivalvia,Pectinida,Heteropectinidae,Cassianoides,252.17,259.9,1,5,2,1,2,epifaunal,"stationary, attached",suspension,hemocyanin,broadcaster,bimineralic,moderate carbonate load
Mollusca,Bivalvia,Pectinida,Heteropectinidae,Eumorphotis,201.3,254.17,0,424,20,6,3,epifaunal,"stationary, attached",suspension,hemocyanin,broadcaster,bimineralic,moderate carbonate load
Mollusca,Bivalvia,Pectinida,Heteropectinidae,Girtypecten,252.17,265.1,1,17,8,2,1,epifaunal,"stationary, attached",suspension,hemocyanin,broadcaster,bimineralic,moderate carbonate load
Mollusca,Bivalvia,Pectinida,Heteropectinidae,Heteropecten,252.17,265.1,1,26,8,1,2,epifaunal,"stationary, attached",suspension,hemocyanin,broadcaster,bimineralic,moderate carbonate load
Mollusca,Bivalvia,Pectinida,Heteropectinidae,Vnigripecten,252.17,265.1,1,3,2,1,2,epifaunal,"stationary, attached",suspension,hemocyanin,broadcaster,bimineralic,moderate carbonate load
Mollusca,Bivalvia,Pectinida,Hunanopectinidae,Hunanopecten,252.17,259.9,1,75,60,4,2,epifaunal,"stationary, attached",suspension,hemocyanin,broadcaster,bimineralic,moderate carbonate load
Mollusca,Bivalvia,Pectinida,Hunanopectinidae,Leptochondria,201.3,259.9,0,315,16,5,2,epifaunal,"stationary, attached",suspension,hemocyanin,broadcaster,bimineralic,moderate carbonate load
Mollusca,Bivalvia,Pectinida,Limidae,Crenipecten,252.17,265.1,1,16,4,3,1,epifaunal,"stationary, attached",suspension,hemocyanin,broadcaster,bimineralic,moderate carbonate load
Mollusca,Bivalvia,Pectinida,Limidae,Lima,170.3,254.17,0,243,1,1,1,epifaunal,"stationary, attached",suspension,hemocyanin,broadcaster,bimineralic,moderate carbonate load
Mollusca,Bivalvia,Pectinida,Limidae,Palaeolima,201.3,265.1,0,44,18,9,3,epifaunal,"stationary, attached",suspension,hemocyanin,broadcaster,bimineralic,moderate carbonate load
Mollusca,Bivalvia,Pectinida,Limidae,Plagiostoma,163.5,254.17,0,338,1,1,1,epifaunal,"stationary, attached",suspension,hemocyanin,broadcaster,bimineralic,moderate carbonate load
Mollusca,Bivalvia,Pectinida,Limipectinidae,Acanthopecten,252.17,268.8,1,22,5,1,3,epifaunal,"stationary, attached",suspension,hemocyanin,broadcaster,bimineralic,moderate carbonate load
Mollusca,Bivalvia,Pectinida,NO_FAMILY_SPECIFIED,Entolium,163.5,265.1,0,646,9,2,3,epifaunal,"facultative, unattached",suspension,hemocyanin,broadcaster,bimineralic,moderate carbonate load
Mollusca,Bivalvia,Pectinida,NO_FAMILY_SPECIFIED,Fasciculiconcha,252.17,254.17,1,1,1,1,1,epifaunal,"stationary, attached",suspension,hemocyanin,broadcaster,bimineralic,moderate carbonate load
Mollusca,Bivalvia,Pectinida,Oxytomidae,Oxytoma,168.3,259.9,0,320,2,1,1,epifaunal,"facultative, attached",suspension,hemocyanin,broadcaster,low Mg calcite,moderate carbonate load
Mollusca,Bivalvia,Pectinida,Pectinidae,Chlamys,170.3,254.17,0,518,1,1,1,epifaunal,"facultative, unattached",suspension,hemocyanin,broadcaster,bimineralic,moderate carbonate load
Mollusca,Bivalvia,Pectinida,Pectinidae,Etheripecten,247.2,268.8,0,106,29,6,4,epifaunal,"stationary, attached",suspension,hemocyanin,broadcaster,bimineralic,moderate carbonate load
Mollusca,Bivalvia,Pectinida,Pectinidae,Hinnites,201.3,254.17,0,2,1,1,1,epifaunal,"stationary, attached",suspension,hemocyanin,broadcaster,bimineralic,moderate carbonate load
Mollusca,Bivalvia,Pectinida,Pectinidae,Pecten,170.3,254.17,0,237,4,3,1,epifaunal,"facultative, unattached",suspension,hemocyanin,broadcaster,bimineralic,moderate carbonate load
Mollusca,Bivalvia,Pectinida,Pseudomonotidae,Pseudomonotis,170.3,265.1,0,67,9,6,4,epifaunal,"stationary, attached",suspension,hemocyanin,broadcaster,bimineralic,moderate carbonate load
Mollusca,Bivalvia,Pectinida,Pterinopectinidae,Claraia,242,259.9,0,969,18,11,2,epifaunal,"facultative, attached",suspension,hemocyanin,broadcaster,bimineralic,moderate carbonate load
Mollusca,Bivalvia,Pectinida,Pterinopectinidae,Claraioides,252.17,259.9,1,13,11,4,2,epifaunal,"stationary, attached",suspension,hemocyanin,broadcaster,bimineralic,moderate carbonate load
Mollusca,Bivalvia,Pectinida,Streblochondriidae,Guizhoupecten,252.17,268.8,1,60,18,4,4,epifaunal,"stationary, attached",suspension,hemocyanin,broadcaster,bimineralic,moderate carbonate load
Mollusca,Bivalvia,Pectinida,Streblochondriidae,Streblochondria,247.2,265.1,0,30,12,3,5,epifaunal,"stationary, attached",suspension,hemocyanin,broadcaster,bimineralic,moderate carbonate load
Mollusca,Bivalvia,Pectinida,Streblochondriidae,Xinanopecten,252.17,254.17,1,1,1,1,1,epifaunal,"stationary, attached",suspension,hemocyanin,broadcaster,bimineralic,moderate carbonate load
Mollusca,Bivalvia,Pholadida,Vacunellidae,Myonia,252.17,268.8,1,58,2,2,3,deep infaunal,"facultative, unattached",suspension,hemocyanin,broadcaster,aragonite,moderate carbonate load
Mollusca,Bivalvia,Pholadida,Vacunellidae,Vacunella,252.17,265.1,1,66,3,2,1,deep infaunal,"facultative, unattached",suspension,hemocyanin,broadcaster,aragonite,moderate carbonate load
Mollusca,Bivalvia,Pholadomyida,Edmondiidae,Allorisma,228,265.1,0,3,1,1,1,shallow infaunal,"facultative, unattached",suspension,hemocyanin,broadcaster,aragonite,moderate carbonate load
Mollusca,Bivalvia,Pholadomyida,Edmondiidae,Edmondia,252.17,265.1,1,46,8,4,4,shallow infaunal,"facultative, unattached",suspension,hemocyanin,broadcaster,aragonite,moderate carbonate load
Mollusca,Bivalvia,Pholadomyida,Megadesmidae,Pyramus,252.17,259.9,1,9,6,2,3,shallow infaunal,"facultative, unattached",suspension,hemocyanin,broadcaster,aragonite,moderate carbonate load
Mollusca,Bivalvia,Pholadomyida,NO_FAMILY_SPECIFIED,Pleurophorina,252.17,259.9,1,3,2,1,1,shallow infaunal,"facultative, unattached",suspension,hemocyanin,broadcaster,aragonite,moderate carbonate load
Mollusca,Bivalvia,Pterioida,NO_FAMILY_SPECIFIED,Ensipteria,252.17,259.9,1,17,10,3,1,epifaunal,"stationary, attached",suspension,hemocyanin,broadcaster,bimineralic,moderate carbonate load
Mollusca,Bivalvia,Solemyida,Solemyidae,Janeia,252.17,265.1,1,26,6,3,2,shallow infaunal,"facultative, attached",symbionts,hemocyanin,intermediate,aragonite,moderate carbonate load
Mollusca,Bivalvia,Solemyida,Solemyidae,Solemya,242,259.9,0,5,0,0,2,shallow infaunal,"facultative, attached",symbionts,hemocyanin,intermediate,aragonite,moderate carbonate load
Mollusca,Bivalvia,Trigoniida,Costatoriidae,Procostatoria,252.17,265.1,1,5,3,1,2,shallow infaunal,"facultative, unattached",suspension,hemocyanin,broadcaster,aragonite,moderate carbonate load
Mollusca,Bivalvia,Trigoniida,Myophoriidae,Costatoria,201.3,259,0,218,3,2,1,shallow infaunal,"facultative, unattached",suspension,hemocyanin,broadcaster,aragonite,moderate carbonate load
Mollusca,Bivalvia,Trigoniida,Myophoriidae,Neoschizodus,201.3,259.9,0,429,2,2,2,shallow infaunal,"facultative, unattached",suspension,hemocyanin,broadcaster,aragonite,moderate carbonate load
Mollusca,Bivalvia,Trigoniida,Myophoriidae,Paraschizodus,252.17,254.17,1,1,1,1,1,shallow infaunal,"facultative, unattached",suspension,hemocyanin,broadcaster,aragonite,moderate carbonate load
Mollusca,Bivalvia,Trigoniida,Scaphellinidae,Scaphellina,252.17,265.1,1,6,1,1,1,shallow infaunal,"facultative, unattached",suspension,hemocyanin,broadcaster,aragonite,moderate carbonate load
Mollusca,Bivalvia,Trigoniida,Schizodidae,Schizodus,201.3,268.8,0,204,35,14,6,shallow infaunal,"facultative, unattached",suspension,hemocyanin,broadcaster,aragonite,moderate carbonate load
Mollusca,Bivalvia,Trigoniida,Trigoniidae,Lyroschizodus,252.17,265.1,1,24,8,2,1,shallow infaunal,"facultative, unattached",suspension,hemocyanin,broadcaster,aragonite,moderate carbonate load
Mollusca,Bivalvia,Unionida,Actinodontophoridae,Actinodontophora,252.17,254.17,1,2,2,1,1,shallow infaunal,"facultative, unattached",suspension,hemocyanin,broadcaster,aragonite,moderate carbonate load
Mollusca,Cephalopoda,Aulacoceratida,Palaeobelemnopsidae,Palaeobelemnopsis,252.17,254.17,1,2,2,2,1,pelagic,"fast, motile",predator,hemocyanin,non-broadcaster,aragonite,moderate carbonate load
Mollusca,Cephalopoda,Ceratitida,Anderssonoceratidae,Planodiscoceras,252.17,259.9,1,11,1,1,1,pelagic,"fast, motile",predator,hemocyanin,non-broadcaster,aragonite,moderate carbonate load
Mollusca,Cephalopoda,Ceratitida,Araxoceratidae,Araxoceras,252.17,259.9,1,20,1,1,1,pelagic,"fast, motile",predator,hemocyanin,non-broadcaster,aragonite,moderate carbonate load
Mollusca,Cephalopoda,Ceratitida,Araxoceratidae,Dzhulfoceras,252.17,259.9,1,4,2,1,1,pelagic,"fast, motile",predator,hemocyanin,non-broadcaster,aragonite,moderate carbonate load
Mollusca,Cephalopoda,Ceratitida,Dzhulfitidae,Abichites,252.17,254.17,1,78,78,8,1,pelagic,"fast, motile",predator,hemocyanin,non-broadcaster,aragonite,moderate carbonate load
Mollusca,Cephalopoda,Ceratitida,Dzhulfitidae,Alibashites,252.17,254.17,1,50,50,4,1,pelagic,"fast, motile",predator,hemocyanin,non-broadcaster,aragonite,moderate carbonate load
Mollusca,Cephalopoda,Ceratitida,Dzhulfitidae,Dzhulfites,252.17,254.17,1,28,28,4,1,pelagic,"fast, motile",predator,hemocyanin,non-broadcaster,aragonite,moderate carbonate load
Mollusca,Cephalopoda,Ceratitida,Dzhulfitidae,Julfotirolites,252.17,254.17,1,2,2,1,1,pelagic,"fast, motile",predator,hemocyanin,non-broadcaster,aragonite,moderate carbonate load
Mollusca,Cephalopoda,Ceratitida,Dzhulfitidae,Paratirolites,247.2,259.9,0,114,110,10,5,pelagic,"fast, motile",predator,hemocyanin,non-broadcaster,aragonite,moderate carbonate load
Mollusca,Cephalopoda,Ceratitida,Dzhulfitidae,Stoyanowites,252.17,254.17,1,20,20,2,1,pelagic,"fast, motile",predator,hemocyanin,non-broadcaster,aragonite,moderate carbonate load
Mollusca,Cephalopoda,Ceratitida,Dzulfitidae,Durvilleoceras,247.2,259.9,0,3,0,0,0,pelagic,"fast, motile",predator,hemocyanin,non-broadcaster,aragonite,moderate carbonate load
Mollusca,Cephalopoda,Ceratitida,Huananoceratidae,Huananoceras,252.17,259.9,1,37,30,4,2,pelagic,"fast, motile",predator,hemocyanin,non-broadcaster,aragonite,moderate carbonate load
Mollusca,Cephalopoda,Ceratitida,Huananoceratidae,Shangsilites,252.17,254.17,1,3,3,2,1,pelagic,"fast, motile",predator,hemocyanin,non-broadcaster,aragonite,moderate carbonate load
Mollusca,Cephalopoda,Ceratitida,Liuchengoceratidae,Liuchengoceras,252.17,254.17,1,5,5,4,2,pelagic,"fast, motile",predator,hemocyanin,non-broadcaster,aragonite,moderate carbonate load
Mollusca,Cephalopoda,Ceratitida,Liuchengoceratidae,Rongjiangoceras,252.17,254.17,1,2,2,1,1,pelagic,"fast, motile",predator,hemocyanin,non-broadcaster,aragonite,moderate carbonate load
Mollusca,Cephalopoda,Ceratitida,Liuchengoceratidae,Wangrenoceras,252.17,254.17,1,1,1,1,1,pelagic,"fast, motile",predator,hemocyanin,non-broadcaster,aragonite,moderate carbonate load
Mollusca,Cephalopoda,Ceratitida,Ophiceratidae,Ophiceras,242,254.17,0,199,1,1,1,pelagic,"fast, motile",predator,hemocyanin,non-broadcaster,aragonite,moderate carbonate load
Mollusca,Cephalopoda,Ceratitida,Otoceratidae,Julfotoceras,252.17,259.9,1,4,1,1,1,pelagic,"fast, motile",predator,hemocyanin,non-broadcaster,aragonite,moderate carbonate load
Mollusca,Cephalopoda,Ceratitida,Otoceratidae,Otoceras,251.2,254.17,0,92,0,0,2,pelagic,"fast, motile",predator,hemocyanin,non-broadcaster,aragonite,moderate carbonate load
Mollusca,Cephalopoda,Ceratitida,Paraceltitidae,Meitianoceras,252.17,254.17,1,3,3,3,1,pelagic,"fast, motile",predator,hemocyanin,non-broadcaster,aragonite,moderate carbonate load
Mollusca,Cephalopoda,Ceratitida,Pleuronodoceratidae,Longmenshanoceras,252.17,254.17,1,5,5,2,1,pelagic,"fast, motile",predator,hemocyanin,non-broadcaster,aragonite,moderate carbonate load
Mollusca,Cephalopoda,Ceratitida,Pleuronodoceratidae,Pentagonoceras,252.17,254.17,1,10,10,6,1,pelagic,"fast, motile",predator,hemocyanin,non-broadcaster,aragonite,moderate carbonate load
Mollusca,Cephalopoda,Ceratitida,Pleuronodoceratidae,Pleuronodoceras,252.17,254.17,1,68,68,19,3,pelagic,"fast, motile",predator,hemocyanin,non-broadcaster,aragonite,moderate carbonate load
Mollusca,Cephalopoda,Ceratitida,Pleuronodoceratidae,Qianjiangoceras,252.17,254.17,1,5,5,3,1,pelagic,"fast, motile",predator,hemocyanin,non-broadcaster,aragonite,moderate carbonate load
Mollusca,Cephalopoda,Ceratitida,Pleuronodoceratidae,Rotodiscoceras,252.17,254.17,1,25,25,9,2,pelagic,"fast, motile",predator,hemocyanin,non-broadcaster,aragonite,moderate carbonate load
Mollusca,Cephalopoda,Ceratitida,Pseudotirolitidae,Chaotianoceras,252.17,254.17,1,14,14,6,1,pelagic,"fast, motile",predator,hemocyanin,non-broadcaster,aragonite,moderate carbonate load
Mollusca,Cephalopoda,Ceratitida,Pseudotirolitidae,Dushanoceras,252.17,254.17,1,3,3,2,2,pelagic,"fast, motile",predator,hemocyanin,non-broadcaster,aragonite,moderate carbonate load
Mollusca,Cephalopoda,Ceratitida,Pseudotirolitidae,Pachydiscoceras,252.17,254.17,1,7,7,4,2,pelagic,"fast, motile",predator,hemocyanin,non-broadcaster,aragonite,moderate carbonate load
Mollusca,Cephalopoda,Ceratitida,Pseudotirolitidae,Pernodoceras,252.17,254.17,1,22,22,7,1,pelagic,"fast, motile",predator,hemocyanin,non-broadcaster,aragonite,moderate carbonate load
Mollusca,Cephalopoda,Ceratitida,Pseudotirolitidae,Pseudotirolites,252.17,254.17,1,101,101,14,4,pelagic,"fast, motile",predator,hemocyanin,non-broadcaster,aragonite,moderate carbonate load
Mollusca,Cephalopoda,Ceratitida,Pseudotirolitidae,Schizoloboceras,252.17,254.17,1,2,2,1,1,pelagic,"fast, motile",predator,hemocyanin,non-broadcaster,aragonite,moderate carbonate load
Mollusca,Cephalopoda,Ceratitida,Pseudotirolitidae,Trigonogastrites,252.17,254.17,1,1,1,1,1,pelagic,"fast, motile",predator,hemocyanin,non-broadcaster,aragonite,moderate carbonate load
Mollusca,Cephalopoda,Ceratitida,Tapashanitidae,Mingyuexiaceras,252.17,254.17,1,10,10,2,1,pelagic,"fast, motile",predator,hemocyanin,non-broadcaster,aragonite,moderate carbonate load
Mollusca,Cephalopoda,Ceratitida,Tapashanitidae,Pseudostephanites,252.17,254.17,1,11,11,3,2,pelagic,"fast, motile",predator,hemocyanin,non-broadcaster,aragonite,moderate carbonate load
Mollusca,Cephalopoda,Ceratitida,Tapashanitidae,Sinoceltites,252.17,254.17,1,26,26,6,2,pelagic,"fast, motile",predator,hemocyanin,non-broadcaster,aragonite,moderate carbonate load
Mollusca,Cephalopoda,Ceratitida,Tapashanitidae,Tapashanites,252.17,254.17,1,56,56,14,4,pelagic,"fast, motile",predator,hemocyanin,non-broadcaster,aragonite,moderate carbonate load
Mollusca,Cephalopoda,Ceratitida,Xenodiscidae,Arasella,252.17,254.17,1,4,4,1,1,pelagic,"fast, motile",predator,hemocyanin,non-broadcaster,aragonite,moderate carbonate load
Mollusca,Cephalopoda,Ceratitida,Xenodiscidae,Hypophiceras,251.3,254.17,0,45,2,2,1,pelagic,"fast, motile",predator,hemocyanin,non-broadcaster,aragonite,moderate carbonate load
Mollusca,Cephalopoda,Ceratitida,Xenodiscidae,Iranites,252.17,254.17,1,23,23,3,1,pelagic,"fast, motile",predator,hemocyanin,non-broadcaster,aragonite,moderate carbonate load
Mollusca,Cephalopoda,Ceratitida,Xenodiscidae,Penglaites,252.17,254.17,1,4,4,2,1,pelagic,"fast, motile",predator,hemocyanin,non-broadcaster,aragonite,moderate carbonate load
Mollusca,Cephalopoda,Ceratitida,Xenodiscidae,Phisonites,252.17,254.17,1,6,6,1,1,pelagic,"fast, motile",predator,hemocyanin,non-broadcaster,aragonite,moderate carbonate load
Mollusca,Cephalopoda,Ceratitida,Xenodiscidae,Shevyrevites,252.17,254.17,1,26,26,1,2,pelagic,"fast, motile",predator,hemocyanin,non-broadcaster,aragonite,moderate carbonate load
Mollusca,Cephalopoda,Ceratitida,Xenodiscidae,Sutchanites,252.17,254.17,1,5,5,1,1,pelagic,"fast, motile",predator,hemocyanin,non-broadcaster,aragonite,moderate carbonate load
Mollusca,Cephalopoda,Ceratitida,Xenodiscidae,Xenodiscus,247.2,259.9,0,56,24,6,7,pelagic,"fast, motile",predator,hemocyanin,non-broadcaster,aragonite,moderate carbonate load
Mollusca,Cephalopoda,Goniatitida,Cyclolobidae,Changhsingoceras,252.17,254.17,1,10,10,3,2,pelagic,"fast, motile",predator,hemocyanin,non-broadcaster,aragonite,moderate carbonate load
Mollusca,Cephalopoda,Goniatitida,Cyclolobidae,Cyclolobus,252.17,259.9,1,25,4,3,1,pelagic,"fast, motile",predator,hemocyanin,non-broadcaster,aragonite,moderate carbonate load
Mollusca,Cephalopoda,Goniatitida,Metalegoceratidae,Subeothinites,252.17,254.17,1,1,1,1,1,pelagic,"fast, motile",predator,hemocyanin,non-broadcaster,aragonite,moderate carbonate load
Mollusca,Cephalopoda,Goniatitida,Paragastrioceratidae,Pseudogastrioceras,252.17,259.9,1,63,40,8,4,pelagic,"fast, motile",predator,hemocyanin,non-broadcaster,aragonite,moderate carbonate load
Mollusca,Cephalopoda,Goniatitida,Paragastrioceratidae,Retiogastrioceras,252.17,259.9,1,7,1,1,1,pelagic,"fast, motile",predator,hemocyanin,non-broadcaster,aragonite,moderate carbonate load
Mollusca,Cephalopoda,Goniatitida,Paragastrioceratidae,Sabaliceras,252.17,254.17,1,1,1,1,1,pelagic,"fast, motile",predator,hemocyanin,non-broadcaster,aragonite,moderate carbonate load
Mollusca,Cephalopoda,Goniatitida,Pseudohaloritidae,Neoaganides,252.17,259.9,1,9,8,5,2,pelagic,"fast, motile",predator,hemocyanin,non-broadcaster,aragonite,moderate carbonate load
Mollusca,Cephalopoda,Goniatitida,Pseudohaloritidae,Qinglongites,252.17,254.17,1,11,11,4,1,pelagic,"fast, motile",predator,hemocyanin,non-broadcaster,aragonite,moderate carbonate load
Mollusca,Cephalopoda,Goniatitida,Vidrioceratidae,Neoglassoceras,252.17,254.17,1,1,1,1,1,pelagic,"fast, motile",predator,hemocyanin,non-broadcaster,aragonite,moderate carbonate load
Mollusca,Cephalopoda,Goniatitida,Vidrioceratidae,Stacheoceras,252.17,268.8,1,36,6,4,5,pelagic,"fast, motile",predator,hemocyanin,non-broadcaster,aragonite,moderate carbonate load
Mollusca,Cephalopoda,Nautilida,Grypoceratidae,Domatoceras,252.17,259.9,1,16,3,3,3,pelagic,"fast, motile",predator,hemocyanin,non-broadcaster,aragonite,moderate carbonate load
Mollusca,Cephalopoda,Nautilida,Grypoceratidae,Neostenopoceras,252.17,254.17,1,2,2,1,1,pelagic,"fast, motile",predator,hemocyanin,non-broadcaster,aragonite,moderate carbonate load
Mollusca,Cephalopoda,Nautilida,Grypoceratidae,Stearoceras,252.17,265.1,1,9,2,2,2,pelagic,"fast, motile",predator,hemocyanin,non-broadcaster,aragonite,moderate carbonate load
Mollusca,Cephalopoda,Nautilida,Gzheloceratidae,Parametacoceras,252.17,254.17,1,1,1,1,1,pelagic,"fast, motile",predator,hemocyanin,non-broadcaster,aragonite,moderate carbonate load
Mollusca,Cephalopoda,Nautilida,Gzheloceratidae,Tylonautilus,252.17,265.1,1,2,1,1,1,pelagic,"fast, motile",predator,hemocyanin,non-broadcaster,aragonite,moderate carbonate load
Mollusca,Cephalopoda,Nautilida,Koninckioceratidae,Foordiceras,252.17,265.1,1,13,6,2,2,pelagic,"fast, motile",predator,hemocyanin,non-broadcaster,aragonite,moderate carbonate load
Mollusca,Cephalopoda,Nautilida,Koninckioceratidae,Temnocheilus,242,259.9,0,7,2,1,3,pelagic,"fast, motile",predator,hemocyanin,non-broadcaster,aragonite,moderate carbonate load
Mollusca,Cephalopoda,Nautilida,Liroceratidae,Coelogasteroceras,252.17,259.9,1,2,2,2,2,pelagic,"fast, motile",predator,hemocyanin,non-broadcaster,aragonite,moderate carbonate load
Mollusca,Cephalopoda,Nautilida,Liroceratidae,Liroceras,252.17,259.9,1,11,7,3,3,pelagic,"fast, motile",predator,hemocyanin,non-broadcaster,aragonite,moderate carbonate load
Mollusca,Cephalopoda,Nautilida,Liroceratidae,Peripetoceras,252.17,259.9,1,25,5,2,1,pelagic,"fast, motile",predator,hemocyanin,non-broadcaster,aragonite,moderate carbonate load
Mollusca,Cephalopoda,Nautilida,Paranautilidae,Paranautilus,205.6,259.9,0,42,0,0,0,pelagic,"fast, motile",predator,hemocyanin,non-broadcaster,aragonite,moderate carbonate load
Mollusca,Cephalopoda,Nautilida,Psiloceratidae,Psiloceras,196.5,265.1,0,NA,3,2,1,pelagic,"fast, motile",predator,hemocyanin,non-broadcaster,aragonite,moderate carbonate load
Mollusca,Cephalopoda,Nautilida,Syringonautilidae,Syringonautilus,232,259.9,0,18,1,1,1,pelagic,"fast, motile",predator,hemocyanin,non-broadcaster,aragonite,moderate carbonate load
Mollusca,Cephalopoda,Nautilida,Tainoceratidae,Clavinautilus,252.17,254.17,1,1,1,1,1,pelagic,"fast, motile",predator,hemocyanin,non-broadcaster,aragonite,moderate carbonate load
Mollusca,Cephalopoda,Nautilida,Tainoceratidae,Eulomacoceras,252.17,259.9,1,5,2,2,1,pelagic,"fast, motile",predator,hemocyanin,non-broadcaster,aragonite,moderate carbonate load
Mollusca,Cephalopoda,Nautilida,Tainoceratidae,Huanghoceras,252.17,254.17,1,1,1,1,1,pelagic,"fast, motile",predator,hemocyanin,non-broadcaster,aragonite,moderate carbonate load
Mollusca,Cephalopoda,Nautilida,Tainoceratidae,Lirometacoceras,252.17,254.17,1,1,1,1,1,pelagic,"fast, motile",predator,hemocyanin,non-broadcaster,aragonite,moderate carbonate load
Mollusca,Cephalopoda,Nautilida,Tainoceratidae,Metacoceras,252.17,265.1,1,13,1,1,3,pelagic,"fast, motile",predator,hemocyanin,non-broadcaster,aragonite,moderate carbonate load
Mollusca,Cephalopoda,Nautilida,Tainoceratidae,Neoclavinautilus,252.17,254.17,1,1,1,1,1,pelagic,"fast, motile",predator,hemocyanin,non-broadcaster,aragonite,moderate carbonate load
Mollusca,Cephalopoda,Nautilida,Tainoceratidae,Neotainoceras,252.17,254.17,1,4,4,3,1,pelagic,"fast, motile",predator,hemocyanin,non-broadcaster,aragonite,moderate carbonate load
Mollusca,Cephalopoda,Nautilida,Tainoceratidae,Nodopleuroceras,252.17,254.17,1,2,2,1,1,pelagic,"fast, motile",predator,hemocyanin,non-broadcaster,aragonite,moderate carbonate load
Mollusca,Cephalopoda,Nautilida,Tainoceratidae,Paratainonautilus,252.17,254.17,1,1,1,1,1,pelagic,"fast, motile",predator,hemocyanin,non-broadcaster,aragonite,moderate carbonate load
Mollusca,Cephalopoda,Nautilida,Tainoceratidae,Pleuronautilus,212,265.1,0,68,11,8,3,pelagic,"fast, motile",predator,hemocyanin,non-broadcaster,aragonite,moderate carbonate load
Mollusca,Cephalopoda,Nautilida,Tainoceratidae,Pseudotemnocheilus,252.17,254.17,1,1,1,1,2,pelagic,"fast, motile",predator,hemocyanin,non-broadcaster,aragonite,moderate carbonate load
Mollusca,Cephalopoda,Nautilida,Tainoceratidae,Siamnautilus,252.17,254.17,1,1,1,1,1,pelagic,"fast, motile",predator,hemocyanin,non-broadcaster,aragonite,moderate carbonate load
Mollusca,Cephalopoda,Nautilida,Tainoceratidae,Tainionautilus,247.2,259.9,0,6,3,2,3,pelagic,"fast, motile",predator,hemocyanin,non-broadcaster,aragonite,moderate carbonate load
Mollusca,Cephalopoda,Nautilida,Tainoceratidae,Tainoceras,252.17,265.1,1,21,18,9,4,pelagic,"fast, motile",predator,hemocyanin,non-broadcaster,aragonite,moderate carbonate load
Mollusca,Cephalopoda,Nautilida,Tainoceratidae,Tirolonautilus,252.17,254.17,1,11,11,2,2,pelagic,"fast, motile",predator,hemocyanin,non-broadcaster,aragonite,moderate carbonate load
Mollusca,Cephalopoda,Nautilida,Trigonoceratidae,Aphelaeceras,252.17,254.17,1,1,1,1,1,pelagic,"fast, motile",predator,hemocyanin,non-broadcaster,aragonite,moderate carbonate load
Mollusca,Cephalopoda,Nautilida,Trigonoceratidae,Aulagonoceras,252.17,254.17,1,8,8,3,1,pelagic,"fast, motile",predator,hemocyanin,non-broadcaster,aragonite,moderate carbonate load
Mollusca,Cephalopoda,Orthocerida,Brachycycloceratidae,Brachycycloceras,252.17,259.9,1,3,2,1,1,pelagic,"fast, motile",predator,hemocyanin,non-broadcaster,aragonite,moderate carbonate load
Mollusca,Cephalopoda,Orthocerida,Brachycycloceratidae,Cycloceras,252.17,259.9,1,1,1,1,2,pelagic,"fast, motile",predator,hemocyanin,non-broadcaster,aragonite,moderate carbonate load
Mollusca,Cephalopoda,Prolecanitida,Medlicottiidae,Episageceras,247.2,259.9,0,11,2,1,1,pelagic,"fast, motile",predator,hemocyanin,non-broadcaster,aragonite,moderate carbonate load
Mollusca,Cephalopoda,Prolecanitida,Medlicottiidae,Neogeoceras,252.17,265.1,1,15,8,1,1,pelagic,"fast, motile",predator,hemocyanin,non-broadcaster,aragonite,moderate carbonate load
Mollusca,Cephalopoda,Pseudorthocerida,Pseudorthoceratidae,Neocycloceras,252.17,259.9,1,5,2,1,3,pelagic,"fast, motile",predator,hemocyanin,non-broadcaster,aragonite,moderate carbonate load
Mollusca,Cephalopoda,Pseudorthocerida,Spyroceratidae,Lopingoceras,252.17,259.9,1,22,12,4,2,pelagic,"fast, motile",predator,hemocyanin,non-broadcaster,aragonite,moderate carbonate load
Mollusca,Gastropoda,Allogastropoda,Gordenellidae,Promathildia,174.1,259.9,0,88,1,1,1,epifaunal,"slow, motile",grazer/predator,hemocyanin,intermediate,aragonite,moderate carbonate load
Mollusca,Gastropoda,Bellerophontida,Bellerophontidae,Bellerophon,252.17,272.3,1,190,119,18,5,epifaunal,"slow, motile",surface deposit,hemocyanin,intermediate,bimineralic,moderate carbonate load
Mollusca,Gastropoda,Bellerophontida,Bellerophontidae,Bucanopsis,252.17,254.17,1,1,1,1,1,epifaunal,"slow, motile",surface deposit,hemocyanin,intermediate,bimineralic,moderate carbonate load
Mollusca,Gastropoda,Bellerophontida,Bellerophontidae,Extendilabrum,252.17,254.17,1,1,1,1,1,epifaunal,"slow, motile",surface deposit,hemocyanin,intermediate,bimineralic,moderate carbonate load
Mollusca,Gastropoda,Bellerophontida,Bellerophontidae,Mogulia,252.17,265.1,1,7,6,1,1,epifaunal,"slow, motile",surface deposit,hemocyanin,intermediate,bimineralic,moderate carbonate load
Mollusca,Gastropoda,Bellerophontida,Bellerophontidae,Patellilabia,252.17,259.9,1,8,7,1,1,epifaunal,"slow, motile",surface deposit,hemocyanin,intermediate,bimineralic,moderate carbonate load
Mollusca,Gastropoda,Bellerophontida,Bellerophontidae,Pharkidonotus,252.17,265.1,1,9,2,2,1,epifaunal,"slow, motile",surface deposit,hemocyanin,intermediate,bimineralic,moderate carbonate load
Mollusca,Gastropoda,Bellerophontida,Bellerophontidae,Ptychobellerophon,252.17,265.1,1,4,1,1,1,epifaunal,"slow, motile",surface deposit,hemocyanin,intermediate,bimineralic,moderate carbonate load
Mollusca,Gastropoda,Bellerophontida,Bellerophontidae,Retispira,228,272.3,0,35,19,10,2,epifaunal,"slow, motile",surface deposit,hemocyanin,intermediate,bimineralic,moderate carbonate load
Mollusca,Gastropoda,Bellerophontida,Bellerophontidae,Waagenella,252.17,265.1,1,41,23,1,1,epifaunal,"slow, motile",surface deposit,hemocyanin,intermediate,bimineralic,moderate carbonate load
Mollusca,Gastropoda,Bellerophontida,Bellerophontidae,Yochelsonellisa,252.17,259.9,1,3,1,1,1,epifaunal,"slow, motile",surface deposit,hemocyanin,intermediate,bimineralic,moderate carbonate load
Mollusca,Gastropoda,Bellerophontida,Bucaniidae,Bucania,252.17,259.9,1,2,2,1,1,epifaunal,"slow, motile",surface deposit,hemocyanin,intermediate,bimineralic,moderate carbonate load
Mollusca,Gastropoda,Bellerophontida,Euphemitidae,Euphemites,252.17,268.8,1,124,86,9,3,epifaunal,"slow, motile",surface deposit,hemocyanin,intermediate,bimineralic,moderate carbonate load
Mollusca,Gastropoda,Bellerophontida,Euphemitidae,Euphemitopsis,252.17,259.9,1,11,1,1,1,epifaunal,"slow, motile",surface deposit,hemocyanin,intermediate,bimineralic,moderate carbonate load
Mollusca,Gastropoda,Bellerophontida,Euphemitidae,Stachella,251.3,259.9,0,11,6,3,2,epifaunal,"slow, motile",surface deposit,hemocyanin,intermediate,bimineralic,moderate carbonate load
Mollusca,Gastropoda,Bellerophontida,Euphemitidae,Warthia,247.2,268.8,0,94,21,5,3,epifaunal,"slow, motile",surface deposit,hemocyanin,intermediate,bimineralic,moderate carbonate load
Mollusca,Gastropoda,Bellerophontida,NO_FAMILY_SPECIFIED,Mirochiliticus,252.17,259.9,1,4,3,1,1,epifaunal,"slow, motile",surface deposit,hemocyanin,intermediate,bimineralic,moderate carbonate load
Mollusca,Gastropoda,Bellerophontida,Tropidodiscidae,Sinuitina,252.17,254.17,1,1,1,1,1,epifaunal,"slow, motile",surface deposit,hemocyanin,intermediate,bimineralic,moderate carbonate load
Mollusca,Gastropoda,Bellerophontida,Tropidodiscidae,Tropidodiscus,252.17,259.9,1,11,8,1,1,epifaunal,"slow, motile",surface deposit,hemocyanin,intermediate,bimineralic,moderate carbonate load
Mollusca,Gastropoda,Caenogastropoda,Acteoninidae,Acteonina,252.17,265.1,1,2,1,1,1,epifaunal,"slow, motile",predator,hemocyanin,non-broadcaster,aragonite,moderate carbonate load
Mollusca,Gastropoda,Caenogastropoda,Coelostylinidae,Coelostylina,174.1,259.9,0,229,0,0,0,epifaunal,"slow, motile",grazer/predator,hemocyanin,non-broadcaster,aragonite,moderate carbonate load
Mollusca,Gastropoda,Caenogastropoda,Coelostylinidae,Omphaloptycha,196.5,259.9,0,71,0,0,0,epifaunal,"slow, motile",grazer/predator,hemocyanin,non-broadcaster,aragonite,moderate carbonate load
Mollusca,Gastropoda,Caenogastropoda,Coelostylinidae,Protostylus,252.17,254.17,1,1,1,1,1,epifaunal,"slow, motile",grazer/predator,hemocyanin,non-broadcaster,aragonite,moderate carbonate load
Mollusca,Gastropoda,Caenogastropoda,Goniasmatidae,Erwinispira,252.17,254.17,1,1,1,1,1,epifaunal,"slow, motile",grazer/predator,hemocyanin,non-broadcaster,aragonite,moderate carbonate load
Mollusca,Gastropoda,Caenogastropoda,Goniasmatidae,Goniasma,252.17,265.1,1,4,1,1,2,epifaunal,"slow, motile",grazer,hemocyanin,non-broadcaster,aragonite,moderate carbonate load
Mollusca,Gastropoda,Caenogastropoda,Goniasmatidae,Platyzona,252.17,265.1,1,9,6,4,1,epifaunal,"slow, motile",grazer,hemocyanin,non-broadcaster,aragonite,moderate carbonate load
Mollusca,Gastropoda,Caenogastropoda,Meekospiridae,Girtyspira,252.17,265.1,1,9,2,2,1,epifaunal,"slow, motile",grazer,hemocyanin,non-broadcaster,aragonite,moderate carbonate load
Mollusca,Gastropoda,Caenogastropoda,Meekospiridae,Ninglangella,252.17,254.17,1,1,1,1,1,epifaunal,"slow, motile",grazer,hemocyanin,non-broadcaster,aragonite,moderate carbonate load
Mollusca,Gastropoda,Caenogastropoda,Plicatusidae,Plicatus,252.17,254.17,1,2,2,2,1,epifaunal,"slow, motile",grazer,hemocyanin,non-broadcaster,aragonite,moderate carbonate load
Mollusca,Gastropoda,Caenogastropoda,Protorculidae,Protorcula,205.6,265.1,0,35,0,0,0,epifaunal,"slow, motile",grazer,hemocyanin,non-broadcaster,aragonite,moderate carbonate load
Mollusca,Gastropoda,Caenogastropoda,Pseudozygopleuridae,Levizygopleura,252.17,259.9,1,2,1,1,1,epifaunal,"slow, motile",predator,hemocyanin,non-broadcaster,aragonite,moderate carbonate load
Mollusca,Gastropoda,Caenogastropoda,Pseudozygopleuridae,Plocezyga,252.17,259.9,1,3,2,2,1,epifaunal,"slow, motile",predator,hemocyanin,non-broadcaster,aragonite,moderate carbonate load
Mollusca,Gastropoda,Caenogastropoda,Pseudozygopleuridae,Pseudozygopleura,252.17,259.9,1,4,2,2,1,epifaunal,"slow, motile",predator,hemocyanin,non-broadcaster,aragonite,moderate carbonate load
Mollusca,Gastropoda,Cerithimorpha,Orthonemidae,Heshanietta,252.17,254.17,1,2,2,2,1,epifaunal,"slow, motile",grazer,hemocyanin,non-broadcaster,aragonite,moderate carbonate load
Mollusca,Gastropoda,Cerithimorpha,Orthonemidae,Microlampra,252.17,254.17,1,2,2,2,1,epifaunal,"slow, motile",grazer,hemocyanin,non-broadcaster,aragonite,moderate carbonate load
Mollusca,Gastropoda,Cerithimorpha,Orthonemidae,Palaeostylus,252.17,265.1,1,20,5,3,2,epifaunal,"slow, motile",grazer,hemocyanin,non-broadcaster,aragonite,moderate carbonate load
Mollusca,Gastropoda,Cycloneritida,Naticopsidae,Dicosmos,205.6,259.9,0,38,0,0,0,epifaunal,"slow, motile",grazer,hemocyanin,intermediate,bimineralic,moderate carbonate load
Mollusca,Gastropoda,Cycloneritida,Naticopsidae,Naticopsis,212,272.3,0,197,23,10,3,epifaunal,"slow, motile",grazer,hemocyanin,intermediate,bimineralic,moderate carbonate load
Mollusca,Gastropoda,Cycloneritida,Naticopsidae,Vernelia,237,259.9,0,16,1,1,1,epifaunal,"slow, motile",grazer,hemocyanin,intermediate,bimineralic,moderate carbonate load
Mollusca,Gastropoda,Cycloneritimorpha,Trachyspiridae,Trachydomia,252.17,265.1,1,5,1,1,1,epifaunal,"slow, motile",grazer,hemocyanin,intermediate,aragonite,moderate carbonate load
Mollusca,Gastropoda,Cycloneritimorpha,Trachyspiridae,Trachyspira,252.17,265.1,1,11,6,3,1,epifaunal,"slow, motile",grazer,hemocyanin,intermediate,aragonite,moderate carbonate load
Mollusca,Gastropoda,Euomphalina,Anomphalidae,Anomphalus,199.3,265.1,0,21,3,1,2,epifaunal,"stationary, unattached",suspension,hemocyanin,intermediate,aragonite,moderate carbonate load
Mollusca,Gastropoda,Euomphalina,Anomphalidae,Straparella,252.17,254.17,1,1,1,1,1,epifaunal,"stationary, unattached",suspension,hemocyanin,intermediate,aragonite,moderate carbonate load
Mollusca,Gastropoda,Euomphalina,Craspedostomatidae,Natiria,228,259.9,0,70,0,0,0,epifaunal,"stationary, unattached",suspension,hemocyanin,intermediate,bimineralic,moderate carbonate load
Mollusca,Gastropoda,Euomphalina,Euomphalidae,Euomphalus,228,272.3,0,20,2,1,2,epifaunal,"stationary, unattached",suspension,hemocyanin,intermediate,bimineralic,moderate carbonate load
Mollusca,Gastropoda,Euomphalina,Euomphalidae,Leptomphalus,252.17,265.1,1,7,2,1,1,epifaunal,"stationary, unattached",suspension,hemocyanin,intermediate,bimineralic,moderate carbonate load
Mollusca,Gastropoda,Euomphalina,Microdomatidae,Glyptospira,252.17,265.1,1,7,1,1,1,epifaunal,"stationary, unattached",suspension,hemocyanin,intermediate,bimineralic,moderate carbonate load
Mollusca,Gastropoda,Euomphalina,Omphalotrochidae,Coronopsis,252.17,254.17,1,1,1,1,1,epifaunal,"stationary, unattached",suspension,hemocyanin,intermediate,aragonite,moderate carbonate load
Mollusca,Gastropoda,Euomphalina,Platyceratidae,Platyceras,252.17,272.3,1,7,3,3,2,epifaunal,"stationary, attached",predator,hemocyanin,intermediate,bimineralic,moderate carbonate load
Mollusca,Gastropoda,Euomphalina,Platyceratidae,Strotostoma,252.17,259.9,1,3,1,1,1,epifaunal,"stationary, attached",predator,hemocyanin,intermediate,bimineralic,moderate carbonate load
Mollusca,Gastropoda,Heterostropha,Donaldinidae,Donaldina,251.3,254.17,0,5,2,1,1,epifaunal,"slow, motile",predator,hemocyanin,intermediate,aragonite,moderate carbonate load
Mollusca,Gastropoda,Heterostropha,Donaldinidae,Royalella,252.17,254.17,1,3,3,3,1,epifaunal,"slow, motile",predator,hemocyanin,intermediate,aragonite,moderate carbonate load
Mollusca,Gastropoda,Heterostropha,Streptacididae,Laxella,252.17,254.17,1,1,1,1,1,epifaunal,"slow, motile",predator,hemocyanin,intermediate,aragonite,moderate carbonate load
Mollusca,Gastropoda,Heterostropha,Streptacididae,Streptacis,252.17,265.1,1,9,3,3,1,epifaunal,"slow, motile",predator,hemocyanin,intermediate,aragonite,moderate carbonate load
Mollusca,Gastropoda,Heterostropha,Stuoraxidae,Stuoraxis,228,254.17,0,3,1,1,1,epifaunal,"slow, motile",predator,hemocyanin,intermediate,aragonite,moderate carbonate load
Mollusca,Gastropoda,Littorinimorpha,Capulidae,Capulus,232,272.3,0,7,0,0,0,epifaunal,"slow, motile",suspension,hemocyanin,non-broadcaster,aragonite,moderate carbonate load
Mollusca,Gastropoda,Littorinimorpha,Naticidae,Natica,175.6,254.17,0,22,4,1,1,semi-infaunal,"slow, motile",predator,hemocyanin,non-broadcaster,aragonite,moderate carbonate load
Mollusca,Gastropoda,Murchisoniina,Eotomariidae,Ananias,242,272.3,0,17,3,2,1,epifaunal,"facultative, unattached",suspension,hemocyanin,intermediate,aragonite,moderate carbonate load
Mollusca,Gastropoda,Murchisoniina,Gosseletinidae,Baylea,252.17,265.1,1,6,2,2,1,epifaunal,"facultative, unattached",suspension,hemocyanin,intermediate,aragonite,moderate carbonate load
Mollusca,Gastropoda,Murchisoniina,Gosseletinidae,Bicarinella,252.17,259.9,1,2,1,1,2,epifaunal,"facultative, unattached",suspension,hemocyanin,intermediate,aragonite,moderate carbonate load
Mollusca,Gastropoda,Murchisoniina,Gosseletinidae,Callistadia,252.17,259.9,1,22,16,1,1,epifaunal,"facultative, unattached",suspension,hemocyanin,intermediate,aragonite,moderate carbonate load
Mollusca,Gastropoda,Murchisoniina,Gosseletinidae,Collabrina,252.17,254.17,1,18,18,1,1,epifaunal,"facultative, unattached",suspension,hemocyanin,intermediate,aragonite,moderate carbonate load
Mollusca,Gastropoda,Murchisoniina,Gosseletinidae,Dictyotomaria,221.5,254.17,0,6,2,1,1,epifaunal,"facultative, unattached",suspension,hemocyanin,intermediate,aragonite,moderate carbonate load
Mollusca,Gastropoda,Murchisoniina,Gosseletinidae,Glabrocingulum,251.3,265.1,0,13,0,0,0,epifaunal,"facultative, unattached",suspension,hemocyanin,intermediate,aragonite,moderate carbonate load
Mollusca,Gastropoda,Murchisoniina,Gosseletinidae,Gosseletina,208.5,259.9,0,9,0,0,0,epifaunal,"facultative, unattached",suspension,hemocyanin,intermediate,aragonite,moderate carbonate load
Mollusca,Gastropoda,Murchisoniina,Gosseletinidae,Guizhouspira,247.2,259.9,0,33,21,4,2,epifaunal,"facultative, unattached",suspension,hemocyanin,intermediate,aragonite,moderate carbonate load
Mollusca,Gastropoda,Murchisoniina,Gosseletinidae,Peruvispira,252.17,265.1,1,11,8,5,3,epifaunal,"facultative, unattached",suspension,hemocyanin,intermediate,aragonite,moderate carbonate load
Mollusca,Gastropoda,Murchisoniina,Gosseletinidae,Platyteichum,252.17,265.1,1,24,1,1,1,epifaunal,"facultative, unattached",suspension,hemocyanin,intermediate,aragonite,moderate carbonate load
Mollusca,Gastropoda,Murchisoniina,Gosseletinidae,Shwedagonia,252.17,265.1,1,2,1,1,1,epifaunal,"facultative, unattached",suspension,hemocyanin,intermediate,aragonite,moderate carbonate load
Mollusca,Gastropoda,Murchisoniina,Gosseletinidae,Spirovallum,252.17,254.17,1,1,1,1,3,epifaunal,"facultative, unattached",suspension,hemocyanin,intermediate,aragonite,moderate carbonate load
Mollusca,Gastropoda,Murchisoniina,Lophospiridae,Worthenia,175.6,265.1,0,156,4,2,3,epifaunal,"facultative, unattached",suspension,hemocyanin,intermediate,aragonite,moderate carbonate load
Mollusca,Gastropoda,Murchisoniina,Luciellidae,Luciella,228,265.1,0,3,0,0,0,epifaunal,"facultative, unattached",suspension,hemocyanin,intermediate,aragonite,moderate carbonate load
Mollusca,Gastropoda,Murchisoniina,Murchisoniidae,Aclisina,252.17,259.9,1,2,1,1,1,epifaunal,"facultative, unattached",suspension,hemocyanin,intermediate,aragonite,moderate carbonate load
Mollusca,Gastropoda,Murchisoniina,Murchisoniidae,Murchisonia,208.5,265.1,0,6,2,1,1,epifaunal,"facultative, unattached",suspension,hemocyanin,intermediate,aragonite,moderate carbonate load
Mollusca,Gastropoda,Murchisoniina,Porcelliidae,Porcellia,232,265.1,0,6,3,3,1,epifaunal,"facultative, unattached",suspension,hemocyanin,intermediate,aragonite,moderate carbonate load
Mollusca,Gastropoda,Murchisoniina,Soleniscidae,Cylindritopsis,252.17,265.1,1,14,6,2,1,epifaunal,"slow, motile",predator,hemocyanin,intermediate,aragonite,moderate carbonate load
Mollusca,Gastropoda,Murchisoniina,Soleniscidae,Soleniscus,252.17,272.3,1,64,29,3,2,epifaunal,"slow, motile",predator,hemocyanin,intermediate,aragonite,moderate carbonate load
Mollusca,Gastropoda,Murchisoniina,Soleniscidae,Strobeus,247.2,265.1,0,27,1,1,2,epifaunal,"slow, motile",predator,hemocyanin,intermediate,aragonite,moderate carbonate load
Mollusca,Gastropoda,Murchisoniina,Subulitidae,Leptoptygma,252.17,254.17,1,1,1,1,1,epifaunal,"slow, motile",predator,hemocyanin,intermediate,aragonite,moderate carbonate load
Mollusca,Gastropoda,Murchisoniina,Zygopleuridae,Loxonema,208.5,259.9,0,69,0,0,0,epifaunal,"facultative, unattached",suspension,hemocyanin,intermediate,aragonite,moderate carbonate load
Mollusca,Gastropoda,Murchisoniina,Zygopleuridae,Polygyrina,221.5,259.9,0,34,2,1,1,epifaunal,"facultative, unattached",suspension,hemocyanin,intermediate,aragonite,moderate carbonate load
Mollusca,Gastropoda,Murchisoniina,Zygopleuridae,Zygopleura,196.5,272.3,0,79,0,0,0,epifaunal,"facultative, unattached",suspension,hemocyanin,intermediate,aragonite,moderate carbonate load
Mollusca,Gastropoda,NO_ORDER_SPECIFIED,NO_FAMILY_SPECIFIED,Luoguella,252.17,254.17,1,2,2,2,1,epifaunal,"slow, motile",grazer,hemocyanin,intermediate,aragonite,moderate carbonate load
Mollusca,Gastropoda,NO_ORDER_SPECIFIED,NO_FAMILY_SPECIFIED,Luoguispira,252.17,254.17,1,4,4,3,1,epifaunal,"slow, motile",grazer,hemocyanin,intermediate,aragonite,moderate carbonate load
Mollusca,Gastropoda,NO_ORDER_SPECIFIED,NO_FAMILY_SPECIFIED,Rhaphistomella,228,259.9,0,21,0,0,0,epifaunal,"slow, motile",grazer,hemocyanin,intermediate,aragonite,moderate carbonate load
Mollusca,Gastropoda,NO_ORDER_SPECIFIED,Orthonematidae,Orthonema,252.17,254.17,1,1,1,1,1,epifaunal,"slow, motile",grazer,hemocyanin,intermediate,aragonite,moderate carbonate load
Mollusca,Gastropoda,NO_ORDER_SPECIFIED,Ptychomphalidae,Ptychomphalina,201.3,254.17,0,6,1,1,1,epifaunal,"slow, motile",grazer,hemocyanin,intermediate,aragonite,moderate carbonate load
Mollusca,Gastropoda,NO_ORDER_SPECIFIED,Ptychomphalidae,Ptychomphalus,174.1,272.3,0,53,0,0,0,epifaunal,"slow, motile",grazer,hemocyanin,intermediate,aragonite,moderate carbonate load
Mollusca,Gastropoda,NO_ORDER_SPECIFIED,Sinuopeidae,Naticasinus,252.17,254.17,1,1,1,1,1,epifaunal,"slow, motile",grazer,hemocyanin,intermediate,aragonite,moderate carbonate load
Mollusca,Gastropoda,Pleurotomariida,Araeonematidae,Yunnania,228,265.1,0,5,0,0,0,epifaunal,"slow, motile",grazer/predator,hemocyanin,intermediate,aragonite,moderate carbonate load
Mollusca,Gastropoda,Sorbeoconcha,Propupaspiridae,Eosinocerithium,252.17,254.17,1,1,1,1,1,epifaunal,"slow, motile",grazer,hemocyanin,non-broadcaster,aragonite,moderate carbonate load
Mollusca,Gastropoda,Sorbeoconcha,Propupaspiridae,Propupaspira,252.17,254.17,1,1,1,1,1,epifaunal,"slow, motile",grazer,hemocyanin,non-broadcaster,aragonite,moderate carbonate load
Mollusca,Gastropoda,Vetigastropoda,Eucyclidae,Trochonodus,205.6,265.1,0,2,0,0,0,epifaunal,"slow, motile",grazer,hemocyanin,intermediate,aragonite,moderate carbonate load
Mollusca,Gastropoda,Vetigastropoda,Phymatopleuridae,Callitomaria,252.17,254.17,1,1,1,1,1,epifaunal,"slow, motile",grazer,hemocyanin,intermediate,aragonite,moderate carbonate load
Mollusca,Gastropoda,Vetigastropoda,Pleurotomariidae,Pleurotomaria,182.7,272.3,0,146,0,0,0,epifaunal,"slow, motile",predator,hemocyanin,intermediate,aragonite,moderate carbonate load
Mollusca,Gastropoda,Vetigastropoda,Pleurotomariidae,Trachybembix,228,254.17,0,8,1,1,1,epifaunal,"slow, motile",predator,hemocyanin,intermediate,aragonite,moderate carbonate load
Mollusca,Rostroconchia,Conocardiida,Bransoniidae,Bransonia,252.17,265.1,1,9,1,1,1,semi-infaunal,"stationary, unattached",surface deposit,hemocyanin,broadcaster,bimineralic,moderate carbonate load
Mollusca,Rostroconchia,Conocardiida,Bransoniidae,Pseudoconocardium,252.17,254.17,1,2,2,1,1,semi-infaunal,"stationary, unattached",surface deposit,hemocyanin,broadcaster,bimineralic,moderate carbonate load
Mollusca,Scaphopoda,Dentaliida,Dentaliidae,Entalis,242,259.9,0,4,3,3,1,shallow infaunal,"facultative, unattached",miner,hemocyanin,intermediate,aragonite,moderate carbonate load
Mollusca,Scaphopoda,Dentaliida,Dentaliidae,Plagioglypta,201.3,265.1,0,79,33,2,1,shallow infaunal,"facultative, unattached",miner,hemocyanin,intermediate,aragonite,moderate carbonate load
Mollusca,Scaphopoda,Dentaliida,Prodentaliidae,Prodentalium,183,259.9,0,31,2,1,2,shallow infaunal,"facultative, unattached",miner,hemocyanin,intermediate,aragonite,moderate carbonate load
Mollusca,Tergomya,Archinacellida,Metoptomatidae,Lepetopsis,208.5,265.1,0,3,0,0,0,epifaunal,"slow, motile",grazer,hemocyanin,intermediate,aragonite,moderate carbonate load
Porifera,?Demospongiae,?Inozoa,Disjectoporidae,Disjectopora,201.3,254.17,0,12,5,2,1,epifaunal,"stationary, attached",suspension,hemocyanin,broadcaster,aragonite,heavy carbonate load
Porifera,?Demospongiae,?Inozoa,Disjectoporidae,Lichuanopora,252.17,254.17,1,1,1,1,1,epifaunal,"stationary, attached",suspension,hemocyanin,broadcaster,aragonite,heavy carbonate load
Porifera,?Demospongiae,?Inozoa,Disjectoporidae,Pseudopalaeoaplysina,252.17,254.17,1,4,4,2,1,epifaunal,"stationary, attached",suspension,hemocyanin,broadcaster,aragonite,heavy carbonate load
Porifera,?Demospongiae,?Inozoa,Disjectoporidae,Radiotrabeculopora,252.17,268.8,1,42,3,3,1,epifaunal,"stationary, attached",suspension,hemocyanin,broadcaster,aragonite,heavy carbonate load
Porifera,Calcarea,NO_ORDER_SPECIFIED,NO_FAMILY_SPECIFIED,Paruvanella,252.17,254.17,1,1,1,1,1,erect,"stationary, attached",suspension,hemocyanin,intermediate,high Mg calcite,heavy carbonate load
Porifera,Calcarea,Stellispongiida,Stellispongiidae,Stellispongia,205.6,254.17,0,16,1,1,1,epifaunal,"stationary, attached",suspension,hemocyanin,broadcaster,high Mg calcite,heavy carbonate load
Porifera,Demospongea,Agelasida,Auriculospongiidae,Acoelia,208.5,254.17,0,2,1,1,1,epifaunal,"stationary, attached",suspension,hemocyanin,broadcaster,aragonite,heavy carbonate load
Porifera,Demospongea,Agelasida,Auriculospongiidae,Cavusonella,252.17,268.8,1,19,1,1,1,epifaunal,"stationary, attached",suspension,hemocyanin,broadcaster,aragonite,heavy carbonate load
Porifera,Demospongea,Agelasida,Auriculospongiidae,Daharella,221.5,265.1,0,11,0,0,0,epifaunal,"stationary, attached",suspension,hemocyanin,broadcaster,aragonite,heavy carbonate load
Porifera,Demospongea,Agelasida,Auriculospongiidae,Solutossaspongia,252.17,254.17,1,1,1,1,1,epifaunal,"stationary, attached",suspension,hemocyanin,broadcaster,aragonite,heavy carbonate load
Porifera,Demospongea,Agelasida,Colospongiidae,Colospongia,201.3,268.8,0,128,25,9,4,epifaunal,"stationary, attached",suspension,hemocyanin,broadcaster,aragonite,heavy carbonate load
Porifera,Demospongea,Agelasida,Colospongiidae,Parauvanella,201.3,265.1,0,119,17,2,1,epifaunal,"stationary, attached",suspension,hemocyanin,broadcaster,aragonite,heavy carbonate load
Porifera,Demospongea,Agelasida,Colospongiidae,Platythalamiella,201.3,265.1,0,6,1,1,1,epifaunal,"stationary, attached",suspension,hemocyanin,broadcaster,aragonite,heavy carbonate load
Porifera,Demospongea,Agelasida,Colospongiidae,Tristratocoelia,252.17,265.1,1,22,1,1,1,epifaunal,"stationary, attached",suspension,hemocyanin,broadcaster,aragonite,heavy carbonate load
Porifera,Demospongea,Agelasida,Girtyocoeliidae,Enoplocoelia,205.6,265.1,0,9,0,0,0,epifaunal,"stationary, attached",suspension,hemocyanin,broadcaster,aragonite,heavy carbonate load
Porifera,Demospongea,Agelasida,Girtyocoeliidae,Girtyocoelia,252.17,268.8,1,63,3,2,2,epifaunal,"stationary, attached",suspension,hemocyanin,broadcaster,aragonite,heavy carbonate load
Porifera,Demospongea,Agelasida,Girtyocoeliidae,Phraethalamia,205.6,254.17,0,2,1,1,1,epifaunal,"stationary, attached",suspension,hemocyanin,broadcaster,aragonite,heavy carbonate load
Porifera,Demospongea,Agelasida,Girtyocoeliidae,Sollasia,205.6,268.8,0,172,11,4,4,epifaunal,"stationary, attached",suspension,hemocyanin,broadcaster,aragonite,heavy carbonate load
Porifera,Demospongea,Agelasida,Glomocystospongiidae,Glomocystospongia,252.17,265.1,1,10,9,1,1,epifaunal,"stationary, attached",suspension,hemocyanin,broadcaster,aragonite,heavy carbonate load
Porifera,Demospongea,Agelasida,Glomocystospongiidae,Huayingia,252.17,254.17,1,6,6,1,1,epifaunal,"stationary, attached",suspension,hemocyanin,broadcaster,aragonite,heavy carbonate load
Porifera,Demospongea,Agelasida,Guadalupiidae,Cystothalamia,252.17,268.8,1,23,5,3,2,epifaunal,"stationary, attached",suspension,hemocyanin,broadcaster,high Mg calcite,heavy carbonate load
Porifera,Demospongea,Agelasida,Guadalupiidae,Imbricatocoelia,252.17,268.8,1,11,2,2,2,epifaunal,"stationary, attached",suspension,hemocyanin,broadcaster,high Mg calcite,heavy carbonate load
Porifera,Demospongea,Agelasida,Intrasporeocoeliidae,Belyaevaspongia,252.17,254.17,1,4,4,1,2,epifaunal,"stationary, attached",suspension,hemocyanin,broadcaster,aragonite,heavy carbonate load
Porifera,Demospongea,Agelasida,Intrasporeocoeliidae,Intrasporeocoelia,252.17,268.8,1,28,16,3,4,epifaunal,"stationary, attached",suspension,hemocyanin,broadcaster,aragonite,heavy carbonate load
Porifera,Demospongea,Agelasida,Intrasporeocoeliidae,Rahbahthalamia,252.17,254.17,1,4,4,1,1,epifaunal,"stationary, attached",suspension,hemocyanin,broadcaster,aragonite,heavy carbonate load
Porifera,Demospongea,Agelasida,Intrasporeocoeliidae,Rhabdactinia,252.17,268.8,1,21,14,3,2,epifaunal,"stationary, attached",suspension,hemocyanin,broadcaster,aragonite,heavy carbonate load
Porifera,Demospongea,Agelasida,Preperonidellidae,Bicoelia,201.3,265.1,0,46,2,2,1,epifaunal,"stationary, attached",suspension,hemocyanin,broadcaster,aragonite,heavy carbonate load
Porifera,Demospongea,Agelasida,Preperonidellidae,Permocorynella,201.3,265.1,0,35,0,0,0,epifaunal,"stationary, attached",suspension,hemocyanin,broadcaster,aragonite,heavy carbonate load
Porifera,Demospongea,Agelasida,Preperonidellidae,Precorynella,215.56,268.8,0,25,0,0,2,epifaunal,"stationary, attached",suspension,hemocyanin,broadcaster,aragonite,heavy carbonate load
Porifera,Demospongea,Agelasida,Preperonidellidae,Preperonidella,201.3,268.8,0,67,11,5,2,epifaunal,"stationary, attached",suspension,hemocyanin,broadcaster,aragonite,heavy carbonate load
Porifera,Demospongea,Agelasida,Sebargasiidae,Amblysiphonella,201.3,265.1,0,98,28,11,3,epifaunal,"stationary, attached",suspension,hemocyanin,broadcaster,aragonite,heavy carbonate load
Porifera,Demospongea,Agelasida,Sebargasiidae,Cystauletes,252.17,268.8,1,12,7,4,2,epifaunal,"stationary, attached",suspension,hemocyanin,broadcaster,aragonite,heavy carbonate load
Porifera,Demospongea,Agelasida,Sebargasiidae,Discosiphonella,201.3,265.1,0,57,2,1,3,epifaunal,"stationary, attached",suspension,hemocyanin,broadcaster,aragonite,heavy carbonate load
Porifera,Demospongea,Agelasida,Sebargasiidae,Laccosiphonella,252.17,268.8,1,18,1,1,1,epifaunal,"stationary, attached",suspension,hemocyanin,broadcaster,aragonite,heavy carbonate load
Porifera,Demospongea,Agelasida,Sebargasiidae,Polycystocoelia,215.56,268.8,0,18,11,3,1,epifaunal,"stationary, attached",suspension,hemocyanin,broadcaster,aragonite,heavy carbonate load
Porifera,Demospongea,Agelasida,Solenolmiidae,Ambithalamia,252.17,254.17,1,1,1,1,1,epifaunal,"stationary, attached",suspension,hemocyanin,broadcaster,aragonite,heavy carbonate load
Porifera,Demospongea,Agelasida,Solenolmiidae,Preverticillites,237,268.8,0,14,3,1,1,epifaunal,"stationary, attached",suspension,hemocyanin,broadcaster,aragonite,heavy carbonate load
Porifera,Demospongea,Agelasida,Stellispongiellidae,Prestellispongia,205.6,268.8,0,85,0,0,0,epifaunal,"stationary, attached",suspension,hemocyanin,broadcaster,aragonite,heavy carbonate load
Porifera,Demospongea,Agelasida,Thaumastocoeliidae,Thaumastocoelia,201.3,265.1,0,13,0,0,0,epifaunal,"stationary, attached",suspension,hemocyanin,broadcaster,aragonite,heavy carbonate load
Porifera,Demospongea,Agelasida,Virgolidae,Intratubospongia,252.17,268.8,1,53,1,1,1,epifaunal,"stationary, attached",suspension,hemocyanin,broadcaster,aragonite,heavy carbonate load
Porifera,Demospongea,Chaetetida,Chaetetidae,Chaetetes,183,268.8,0,5,0,0,0,epifaunal,"stationary, attached",suspension,hemocyanin,broadcaster,aragonite,heavy carbonate load
Porifera,Demospongea,Epipolasida,Heliospongiidae,Neoheliospongia,252.17,265.1,1,9,1,1,1,epifaunal,"stationary, attached",suspension,hemocyanin,broadcaster,silica,heavy carbonate load
Porifera,Demospongea,Hadromerida,Celyphiidae,Celyphia,205.6,265.1,0,37,2,1,1,epifaunal,"stationary, attached",suspension,hemocyanin,broadcaster,high Mg calcite,heavy carbonate load
Porifera,Demospongea,Hadromerida,Celyphiidae,Follicatena,205.6,259.9,0,38,2,1,1,epifaunal,"stationary, attached",suspension,hemocyanin,broadcaster,high Mg calcite,heavy carbonate load
Porifera,Demospongea,Lithistida,Chiastoclonellidae,Actinocoelia,252.17,259.9,1,2,1,1,1,epifaunal,"stationary, attached",suspension,hemocyanin,broadcaster,silica,heavy carbonate load
Porifera,Demospongea,Vaceletida,Tebagathalamiidae,Graminospongia,252.17,265.1,1,5,1,1,1,epifaunal,"stationary, attached",suspension,hemocyanin,broadcaster,aragonite,heavy carbonate load
Porifera,Demospongea,Vaceletida,Tebagathalamiidae,Tebagathalamia,252.17,268.8,1,6,1,1,1,epifaunal,"stationary, attached",suspension,hemocyanin,broadcaster,aragonite,heavy carbonate load
Porifera,Demospongea,Vaceletida,Verticillitidae,Sinocoelia,252.17,254.17,1,3,3,2,1,epifaunal,"stationary, attached",suspension,hemocyanin,broadcaster,aragonite,heavy carbonate load
Porifera,Demospongea,Vaceletida,Verticillitidae,Stylothalamia,174.1,268.8,0,23,0,0,0,epifaunal,"stationary, attached",suspension,hemocyanin,broadcaster,aragonite,heavy carbonate load
Porifera,Sclerospongiae,Radiofibrosclerida,NO_FAMILY_SPECIFIED,Radiofibrosclera,252.17,254.17,1,2,2,1,1,epifaunal,"stationary, attached",suspension,hemocyanin,broadcaster,aragonite,heavy carbonate load
